25
25
0 1 1.22 #2ECC71
0 25 1.84 #E74C3C
1 2 1.36 #F1C40F
1 26 1.11 #2ECC71
2 3 1.68 #E74C3C
2 27 1.83 #E74C3C
3 4 1.43 #F1C40F
3 28 1.52 #F1C40F
4 5 1.5 #F1C40F
4 29 1.94 #E74C3C
5 6 1.75 #E74C3C
5 30 1.92 #E74C3C
6 7 1.52 #F1C40F
6 31 1.4 #F1C40F
7 8 1.52 #F1C40F
7 32 1.17 #2ECC71
8 9 1.13 #2ECC71
8 33 1.36 #F1C40F
9 10 1.47 #F1C40F
9 34 1.58 #F1C40F
10 11 1.4 #F1C40F
10 35 1.91 #E74C3C
11 12 1.02 #2ECC71
11 36 1.88 #E74C3C
12 13 1.61 #F1C40F
12 37 1.6 #F1C40F
13 14 1.41 #F1C40F
13 38 1.29 #2ECC71
14 15 1.18 #2ECC71
14 39 1.77 #E74C3C
15 16 1.19 #2ECC71
15 40 1.02 #2ECC71
16 17 1.95 #E74C3C
16 41 1.79 #E74C3C
17 18 1.03 #2ECC71
17 42 1.26 #2ECC71
18 19 1.66 #F1C40F
18 43 1.85 #E74C3C
19 20 1.22 #2ECC71
19 44 1.88 #E74C3C
20 21 1.17 #2ECC71
20 45 1.62 #F1C40F
21 22 1.89 #E74C3C
21 46 1.48 #F1C40F
22 23 1.39 #F1C40F
22 47 1.31 #2ECC71
23 24 1.47 #F1C40F
23 48 1.74 #E74C3C
24 49 1.81 #E74C3C
25 26 1.59 #F1C40F
25 50 1.46 #F1C40F
26 27 1.8 #E74C3C
26 51 1.91 #E74C3C
27 28 1.71 #E74C3C
27 52 1.38 #F1C40F
28 29 1.56 #F1C40F
28 53 1.42 #F1C40F
29 30 1.58 #F1C40F
29 54 1.67 #E74C3C
30 31 1.29 #2ECC71
30 55 1.54 #F1C40F
31 32 1.99 #E74C3C
31 56 1.99 #E74C3C
32 33 1.01 #2ECC71
32 57 1.33 #2ECC71
33 34 1.68 #E74C3C
33 58 1.53 #F1C40F
34 35 1.97 #E74C3C
34 59 1.08 #2ECC71
35 36 1.91 #E74C3C
35 60 1.67 #E74C3C
36 37 1.77 #E74C3C
36 61 1.67 #E74C3C
37 38 1.57 #F1C40F
37 62 1.81 #E74C3C
38 39 1.67 #E74C3C
38 63 1.42 #F1C40F
39 40 1.89 #E74C3C
39 64 1.16 #2ECC71
40 41 1.81 #E74C3C
40 65 1.21 #2ECC71
41 42 1.07 #2ECC71
41 66 1.78 #E74C3C
42 43 1.72 #E74C3C
42 67 1.15 #2ECC71
43 44 1.49 #F1C40F
43 68 1.88 #E74C3C
44 45 1.19 #2ECC71
44 69 1.37 #F1C40F
45 46 1.51 #F1C40F
45 70 1.68 #E74C3C
46 47 1.47 #F1C40F
46 71 1.06 #2ECC71
47 48 1.63 #F1C40F
47 72 1.07 #2ECC71
48 49 1.19 #2ECC71
48 73 1.3 #2ECC71
49 74 1.97 #E74C3C
50 51 1.24 #2ECC71
50 75 1.59 #F1C40F
51 52 1.91 #E74C3C
51 76 1.23 #2ECC71
52 53 1.66 #F1C40F
52 77 1.78 #E74C3C
53 54 1.15 #2ECC71
53 78 1.24 #2ECC71
54 55 1.63 #F1C40F
54 79 1.05 #2ECC71
55 56 1.42 #F1C40F
55 80 1.3 #2ECC71
56 57 1.92 #E74C3C
56 81 1.21 #2ECC71
57 58 1.37 #F1C40F
57 82 1.14 #2ECC71
58 59 1.13 #2ECC71
58 83 1.56 #F1C40F
59 60 1.22 #2ECC71
59 84 1.77 #E74C3C
60 61 1.73 #E74C3C
60 85 1.18 #2ECC71
61 62 1.35 #F1C40F
61 86 1.06 #2ECC71
62 63 1.41 #F1C40F
62 87 1.38 #F1C40F
63 64 1.28 #2ECC71
63 88 1.59 #F1C40F
64 65 1.69 #E74C3C
64 89 1.14 #2ECC71
65 66 1.8 #E74C3C
65 90 1.49 #F1C40F
66 67 1.99 #E74C3C
66 91 1.02 #2ECC71
67 68 1.86 #E74C3C
67 92 1.93 #E74C3C
68 69 1.66 #F1C40F
68 93 1.26 #2ECC71
69 70 1.26 #2ECC71
69 94 1.35 #F1C40F
70 71 1.92 #E74C3C
70 95 1.96 #E74C3C
71 72 1.43 #F1C40F
71 96 1.82 #E74C3C
72 73 1.2 #2ECC71
72 97 1.35 #F1C40F
73 74 1.72 #E74C3C
73 98 1.25 #2ECC71
74 99 1.21 #2ECC71
75 76 1.41 #F1C40F
75 100 1.1 #2ECC71
76 77 1.64 #F1C40F
76 101 1.45 #F1C40F
77 78 1.7 #E74C3C
77 102 1.09 #2ECC71
78 79 1.6 #F1C40F
78 103 1.78 #E74C3C
79 80 1.63 #F1C40F
79 104 1.93 #E74C3C
80 81 1.47 #F1C40F
80 105 1.62 #F1C40F
81 82 2.0 #E74C3C
81 106 1.61 #F1C40F
82 83 1.44 #F1C40F
82 107 1.83 #E74C3C
83 84 1.89 #E74C3C
83 108 1.69 #E74C3C
84 85 1.81 #E74C3C
84 109 1.51 #F1C40F
85 86 1.68 #E74C3C
85 110 1.07 #2ECC71
86 87 1.46 #F1C40F
86 111 1.96 #E74C3C
87 88 1.18 #2ECC71
87 112 1.07 #2ECC71
88 89 1.92 #E74C3C
88 113 1.89 #E74C3C
89 90 1.97 #E74C3C
89 114 1.9 #E74C3C
90 91 1.3 #2ECC71
90 115 1.87 #E74C3C
91 92 1.33 #2ECC71
91 116 1.11 #2ECC71
92 93 1.21 #2ECC71
92 117 1.13 #2ECC71
93 94 1.16 #2ECC71
93 118 1.94 #E74C3C
94 95 1.13 #2ECC71
94 119 1.79 #E74C3C
95 96 1.7 #E74C3C
95 120 1.2 #2ECC71
96 97 1.99 #E74C3C
96 121 1.62 #F1C40F
97 98 1.39 #F1C40F
97 122 1.42 #F1C40F
98 99 1.75 #E74C3C
98 123 1.5 #F1C40F
99 124 1.26 #2ECC71
100 101 1.74 #E74C3C
100 125 1.92 #E74C3C
101 102 1.55 #F1C40F
101 126 1.4 #F1C40F
102 103 1.05 #2ECC71
102 127 1.65 #F1C40F
103 104 1.04 #2ECC71
103 128 1.7 #E74C3C
104 105 1.56 #F1C40F
104 129 1.69 #E74C3C
105 106 1.63 #F1C40F
105 130 1.55 #F1C40F
106 107 1.94 #E74C3C
106 131 1.62 #F1C40F
107 108 1.59 #F1C40F
107 132 1.12 #2ECC71
108 109 1.37 #F1C40F
108 133 1.1 #2ECC71
109 110 1.74 #E74C3C
109 134 1.95 #E74C3C
110 111 1.68 #E74C3C
110 135 1.52 #F1C40F
111 112 1.5 #F1C40F
111 136 1.11 #2ECC71
112 113 1.25 #2ECC71
112 137 1.05 #2ECC71
113 114 1.77 #E74C3C
113 138 1.68 #E74C3C
114 115 1.18 #2ECC71
114 139 1.42 #F1C40F
115 116 1.33 #2ECC71
115 140 1.09 #2ECC71
116 117 1.9 #E74C3C
116 141 1.87 #E74C3C
117 118 1.48 #F1C40F
117 142 1.96 #E74C3C
118 119 1.37 #F1C40F
118 143 1.67 #E74C3C
119 120 1.82 #E74C3C
119 144 1.12 #2ECC71
120 121 1.23 #2ECC71
120 145 1.8 #E74C3C
121 122 1.42 #F1C40F
121 146 1.79 #E74C3C
122 123 1.0 #2ECC71
122 147 1.2 #2ECC71
123 124 1.64 #F1C40F
123 148 1.83 #E74C3C
124 149 1.19 #2ECC71
125 126 1.63 #F1C40F
125 150 1.99 #E74C3C
126 127 1.68 #E74C3C
126 151 1.42 #F1C40F
127 128 1.71 #E74C3C
127 152 1.93 #E74C3C
128 129 1.62 #F1C40F
128 153 1.86 #E74C3C
129 130 1.37 #F1C40F
129 154 1.06 #2ECC71
130 131 1.2 #2ECC71
130 155 1.59 #F1C40F
131 132 1.35 #F1C40F
131 156 1.16 #2ECC71
132 133 1.0 #2ECC71
132 157 1.87 #E74C3C
133 134 1.13 #2ECC71
133 158 1.16 #2ECC71
134 135 1.81 #E74C3C
134 159 1.86 #E74C3C
135 136 1.36 #F1C40F
135 160 1.99 #E74C3C
136 137 1.23 #2ECC71
136 161 1.3 #2ECC71
137 138 1.78 #E74C3C
137 162 1.56 #F1C40F
138 139 1.7 #E74C3C
138 163 1.71 #E74C3C
139 140 1.37 #F1C40F
139 164 1.38 #F1C40F
140 141 1.63 #F1C40F
140 165 1.93 #E74C3C
141 142 1.61 #F1C40F
141 166 2.0 #E74C3C
142 143 1.7 #E74C3C
142 167 1.11 #2ECC71
143 144 1.91 #E74C3C
143 168 1.64 #F1C40F
144 145 1.73 #E74C3C
144 169 1.07 #2ECC71
145 146 1.88 #E74C3C
145 170 1.42 #F1C40F
146 147 1.85 #E74C3C
146 171 1.9 #E74C3C
147 148 1.73 #E74C3C
147 172 1.5 #F1C40F
148 149 1.75 #E74C3C
148 173 1.55 #F1C40F
149 174 1.01 #2ECC71
150 151 1.41 #F1C40F
150 175 1.05 #2ECC71
151 152 1.64 #F1C40F
151 176 1.69 #E74C3C
152 153 1.94 #E74C3C
152 177 1.75 #E74C3C
153 154 1.94 #E74C3C
153 178 1.98 #E74C3C
154 155 1.62 #F1C40F
154 179 1.53 #F1C40F
155 156 1.27 #2ECC71
155 180 1.74 #E74C3C
156 157 1.48 #F1C40F
156 181 1.63 #F1C40F
157 158 1.69 #E74C3C
157 182 1.02 #2ECC71
158 159 1.91 #E74C3C
158 183 1.08 #2ECC71
159 160 1.03 #2ECC71
159 184 1.32 #2ECC71
160 161 1.83 #E74C3C
160 185 1.84 #E74C3C
161 162 1.93 #E74C3C
161 186 1.27 #2ECC71
162 163 1.7 #E74C3C
162 187 1.22 #2ECC71
163 164 1.04 #2ECC71
163 188 1.3 #2ECC71
164 165 1.41 #F1C40F
164 189 1.67 #E74C3C
165 166 1.42 #F1C40F
165 190 1.79 #E74C3C
166 167 1.79 #E74C3C
166 191 1.27 #2ECC71
167 168 1.2 #2ECC71
167 192 1.14 #2ECC71
168 169 1.37 #F1C40F
168 193 1.52 #F1C40F
169 170 1.89 #E74C3C
169 194 1.35 #F1C40F
170 171 1.48 #F1C40F
170 195 1.6 #F1C40F
171 172 1.7 #E74C3C
171 196 1.38 #F1C40F
172 173 1.65 #F1C40F
172 197 1.21 #2ECC71
173 174 1.76 #E74C3C
173 198 1.23 #2ECC71
174 199 1.4 #F1C40F
175 176 1.39 #F1C40F
175 200 1.85 #E74C3C
176 177 1.53 #F1C40F
176 201 1.28 #2ECC71
177 178 1.37 #F1C40F
177 202 1.39 #F1C40F
178 179 1.43 #F1C40F
178 203 1.18 #2ECC71
179 180 1.27 #2ECC71
179 204 1.64 #F1C40F
180 181 1.37 #F1C40F
180 205 1.37 #F1C40F
181 182 1.78 #E74C3C
181 206 1.07 #2ECC71
182 183 1.33 #2ECC71
182 207 1.18 #2ECC71
183 184 1.97 #E74C3C
183 208 1.75 #E74C3C
184 185 1.36 #F1C40F
184 209 1.91 #E74C3C
185 186 1.26 #2ECC71
185 210 1.4 #F1C40F
186 187 1.15 #2ECC71
186 211 1.38 #F1C40F
187 188 1.21 #2ECC71
187 212 1.92 #E74C3C
188 189 1.4 #F1C40F
188 213 1.57 #F1C40F
189 190 1.45 #F1C40F
189 214 1.35 #F1C40F
190 191 1.52 #F1C40F
190 215 1.83 #E74C3C
191 192 1.86 #E74C3C
191 216 1.14 #2ECC71
192 193 1.86 #E74C3C
192 217 1.91 #E74C3C
193 194 1.92 #E74C3C
193 218 1.71 #E74C3C
194 195 1.64 #F1C40F
194 219 1.13 #2ECC71
195 196 1.85 #E74C3C
195 220 1.58 #F1C40F
196 197 1.57 #F1C40F
196 221 1.21 #2ECC71
197 198 1.32 #2ECC71
197 222 1.63 #F1C40F
198 199 1.53 #F1C40F
198 223 1.92 #E74C3C
199 224 1.75 #E74C3C
200 201 1.19 #2ECC71
200 225 1.86 #E74C3C
201 202 1.21 #2ECC71
201 226 1.1 #2ECC71
202 203 1.04 #2ECC71
202 227 1.25 #2ECC71
203 204 1.65 #F1C40F
203 228 1.91 #E74C3C
204 205 1.92 #E74C3C
204 229 1.56 #F1C40F
205 206 1.07 #2ECC71
205 230 1.49 #F1C40F
206 207 1.84 #E74C3C
206 231 1.02 #2ECC71
207 208 1.04 #2ECC71
207 232 1.09 #2ECC71
208 209 1.89 #E74C3C
208 233 1.76 #E74C3C
209 210 1.63 #F1C40F
209 234 1.11 #2ECC71
210 211 1.96 #E74C3C
210 235 1.14 #2ECC71
211 212 1.83 #E74C3C
211 236 1.54 #F1C40F
212 213 1.44 #F1C40F
212 237 1.27 #2ECC71
213 214 1.59 #F1C40F
213 238 1.02 #2ECC71
214 215 1.39 #F1C40F
214 239 1.63 #F1C40F
215 216 1.11 #2ECC71
215 240 1.94 #E74C3C
216 217 1.85 #E74C3C
216 241 1.12 #2ECC71
217 218 1.59 #F1C40F
217 242 1.48 #F1C40F
218 219 1.11 #2ECC71
218 243 1.99 #E74C3C
219 220 1.18 #2ECC71
219 244 1.88 #E74C3C
220 221 1.95 #E74C3C
220 245 1.41 #F1C40F
221 222 1.15 #2ECC71
221 246 1.94 #E74C3C
222 223 1.33 #2ECC71
222 247 1.41 #F1C40F
223 224 1.82 #E74C3C
223 248 1.64 #F1C40F
224 249 1.62 #F1C40F
225 226 1.95 #E74C3C
225 250 1.57 #F1C40F
226 227 1.31 #2ECC71
226 251 1.53 #F1C40F
227 228 1.57 #F1C40F
227 252 1.85 #E74C3C
228 229 1.75 #E74C3C
228 253 1.04 #2ECC71
229 230 1.51 #F1C40F
229 254 1.67 #E74C3C
230 231 1.01 #2ECC71
230 255 1.98 #E74C3C
231 232 1.23 #2ECC71
231 256 1.48 #F1C40F
232 233 1.56 #F1C40F
232 257 1.09 #2ECC71
233 234 1.8 #E74C3C
233 258 1.86 #E74C3C
234 235 1.47 #F1C40F
234 259 1.34 #F1C40F
235 236 1.77 #E74C3C
235 260 1.02 #2ECC71
236 237 1.48 #F1C40F
236 261 1.58 #F1C40F
237 238 1.99 #E74C3C
237 262 1.17 #2ECC71
238 239 1.66 #F1C40F
238 263 1.1 #2ECC71
239 240 1.95 #E74C3C
239 264 1.23 #2ECC71
240 241 1.05 #2ECC71
240 265 1.75 #E74C3C
241 242 1.93 #E74C3C
241 266 1.71 #E74C3C
242 243 1.23 #2ECC71
242 267 1.01 #2ECC71
243 244 1.67 #E74C3C
243 268 1.57 #F1C40F
244 245 1.67 #E74C3C
244 269 1.26 #2ECC71
245 246 1.03 #2ECC71
245 270 1.77 #E74C3C
246 247 1.85 #E74C3C
246 271 1.81 #E74C3C
247 248 1.89 #E74C3C
247 272 1.88 #E74C3C
248 249 1.48 #F1C40F
248 273 1.45 #F1C40F
249 274 1.93 #E74C3C
250 251 1.93 #E74C3C
250 275 1.13 #2ECC71
251 252 1.83 #E74C3C
251 276 1.79 #E74C3C
252 253 1.83 #E74C3C
252 277 1.15 #2ECC71
253 254 1.63 #F1C40F
253 278 1.16 #2ECC71
254 255 1.19 #2ECC71
254 279 1.51 #F1C40F
255 256 1.64 #F1C40F
255 280 1.34 #F1C40F
256 257 1.83 #E74C3C
256 281 1.22 #2ECC71
257 258 1.42 #F1C40F
257 282 1.79 #E74C3C
258 259 1.36 #F1C40F
258 283 1.52 #F1C40F
259 260 1.15 #2ECC71
259 284 1.17 #2ECC71
260 261 1.58 #F1C40F
260 285 1.17 #2ECC71
261 262 1.4 #F1C40F
261 286 1.59 #F1C40F
262 263 1.86 #E74C3C
262 287 1.01 #2ECC71
263 264 2.0 #E74C3C
263 288 1.47 #F1C40F
264 265 1.73 #E74C3C
264 289 1.92 #E74C3C
265 266 1.13 #2ECC71
265 290 1.82 #E74C3C
266 267 1.45 #F1C40F
266 291 1.27 #2ECC71
267 268 1.75 #E74C3C
267 292 1.65 #F1C40F
268 269 1.51 #F1C40F
268 293 1.61 #F1C40F
269 270 1.08 #2ECC71
269 294 1.97 #E74C3C
270 271 1.02 #2ECC71
270 295 1.26 #2ECC71
271 272 1.07 #2ECC71
271 296 1.18 #2ECC71
272 273 1.7 #E74C3C
272 297 1.23 #2ECC71
273 274 1.31 #2ECC71
273 298 1.64 #F1C40F
274 299 1.96 #E74C3C
275 276 1.31 #2ECC71
275 300 1.5 #F1C40F
276 277 1.7 #E74C3C
276 301 1.37 #F1C40F
277 278 1.44 #F1C40F
277 302 1.09 #2ECC71
278 279 1.2 #2ECC71
278 303 1.24 #2ECC71
279 280 1.02 #2ECC71
279 304 1.74 #E74C3C
280 281 1.84 #E74C3C
280 305 1.22 #2ECC71
281 282 1.16 #2ECC71
281 306 1.63 #F1C40F
282 283 1.87 #E74C3C
282 307 1.31 #2ECC71
283 284 1.81 #E74C3C
283 308 1.88 #E74C3C
284 285 1.56 #F1C40F
284 309 1.43 #F1C40F
285 286 1.9 #E74C3C
285 310 1.75 #E74C3C
286 287 1.3 #2ECC71
286 311 1.99 #E74C3C
287 288 1.05 #2ECC71
287 312 1.09 #2ECC71
288 289 1.85 #E74C3C
288 313 1.23 #2ECC71
289 290 1.07 #2ECC71
289 314 1.11 #2ECC71
290 291 1.34 #F1C40F
290 315 1.95 #E74C3C
291 292 1.23 #2ECC71
291 316 1.69 #E74C3C
292 293 1.92 #E74C3C
292 317 1.51 #F1C40F
293 294 1.49 #F1C40F
293 318 1.29 #2ECC71
294 295 1.93 #E74C3C
294 319 1.21 #2ECC71
295 296 1.67 #E74C3C
295 320 1.06 #2ECC71
296 297 1.43 #F1C40F
296 321 1.08 #2ECC71
297 298 1.47 #F1C40F
297 322 1.67 #E74C3C
298 299 1.37 #F1C40F
298 323 1.52 #F1C40F
299 324 1.48 #F1C40F
300 301 1.46 #F1C40F
300 325 1.83 #E74C3C
301 302 1.76 #E74C3C
301 326 1.06 #2ECC71
302 303 1.59 #F1C40F
302 327 1.67 #E74C3C
303 304 1.65 #F1C40F
303 328 1.75 #E74C3C
304 305 1.3 #2ECC71
304 329 1.24 #2ECC71
305 306 1.43 #F1C40F
305 330 1.74 #E74C3C
306 307 1.7 #E74C3C
306 331 1.78 #E74C3C
307 308 1.59 #F1C40F
307 332 1.76 #E74C3C
308 309 1.97 #E74C3C
308 333 1.72 #E74C3C
309 310 1.89 #E74C3C
309 334 1.14 #2ECC71
310 311 1.49 #F1C40F
310 335 1.81 #E74C3C
311 312 1.89 #E74C3C
311 336 1.62 #F1C40F
312 313 1.37 #F1C40F
312 337 1.83 #E74C3C
313 314 1.91 #E74C3C
313 338 1.59 #F1C40F
314 315 1.08 #2ECC71
314 339 1.52 #F1C40F
315 316 1.98 #E74C3C
315 340 1.36 #F1C40F
316 317 1.74 #E74C3C
316 341 1.75 #E74C3C
317 318 1.27 #2ECC71
317 342 1.66 #F1C40F
318 319 1.66 #F1C40F
318 343 1.96 #E74C3C
319 320 1.79 #E74C3C
319 344 1.55 #F1C40F
320 321 1.47 #F1C40F
320 345 1.21 #2ECC71
321 322 1.58 #F1C40F
321 346 1.91 #E74C3C
322 323 1.42 #F1C40F
322 347 1.31 #2ECC71
323 324 1.81 #E74C3C
323 348 1.15 #2ECC71
324 349 1.2 #2ECC71
325 326 1.31 #2ECC71
325 350 1.24 #2ECC71
326 327 1.38 #F1C40F
326 351 1.59 #F1C40F
327 328 1.83 #E74C3C
327 352 1.27 #2ECC71
328 329 1.77 #E74C3C
328 353 1.4 #F1C40F
329 330 1.33 #2ECC71
329 354 1.74 #E74C3C
330 331 1.05 #2ECC71
330 355 1.02 #2ECC71
331 332 1.84 #E74C3C
331 356 1.21 #2ECC71
332 333 1.22 #2ECC71
332 357 1.43 #F1C40F
333 334 1.36 #F1C40F
333 358 1.13 #2ECC71
334 335 1.92 #E74C3C
334 359 1.11 #2ECC71
335 336 1.04 #2ECC71
335 360 1.96 #E74C3C
336 337 1.39 #F1C40F
336 361 1.49 #F1C40F
337 338 1.66 #F1C40F
337 362 1.12 #2ECC71
338 339 1.08 #2ECC71
338 363 1.89 #E74C3C
339 340 1.13 #2ECC71
339 364 1.57 #F1C40F
340 341 1.91 #E74C3C
340 365 1.03 #2ECC71
341 342 1.96 #E74C3C
341 366 1.06 #2ECC71
342 343 1.46 #F1C40F
342 367 1.74 #E74C3C
343 344 1.12 #2ECC71
343 368 1.1 #2ECC71
344 345 1.28 #2ECC71
344 369 1.94 #E74C3C
345 346 1.62 #F1C40F
345 370 1.43 #F1C40F
346 347 1.93 #E74C3C
346 371 1.95 #E74C3C
347 348 1.26 #2ECC71
347 372 1.46 #F1C40F
348 349 1.95 #E74C3C
348 373 1.73 #E74C3C
349 374 1.84 #E74C3C
350 351 1.85 #E74C3C
350 375 1.1 #2ECC71
351 352 1.03 #2ECC71
351 376 1.23 #2ECC71
352 353 1.2 #2ECC71
352 377 1.86 #E74C3C
353 354 1.43 #F1C40F
353 378 1.67 #E74C3C
354 355 1.12 #2ECC71
354 379 1.66 #F1C40F
355 356 1.7 #E74C3C
355 380 1.65 #F1C40F
356 357 1.06 #2ECC71
356 381 1.65 #F1C40F
357 358 1.35 #F1C40F
357 382 1.82 #E74C3C
358 359 1.76 #E74C3C
358 383 1.31 #2ECC71
359 360 1.26 #2ECC71
359 384 1.07 #2ECC71
360 361 1.23 #2ECC71
360 385 1.49 #F1C40F
361 362 1.23 #2ECC71
361 386 1.06 #2ECC71
362 363 1.52 #F1C40F
362 387 1.2 #2ECC71
363 364 1.87 #E74C3C
363 388 1.27 #2ECC71
364 365 1.6 #F1C40F
364 389 1.44 #F1C40F
365 366 1.88 #E74C3C
365 390 1.24 #2ECC71
366 367 1.12 #2ECC71
366 391 1.41 #F1C40F
367 368 1.81 #E74C3C
367 392 1.17 #2ECC71
368 369 1.27 #2ECC71
368 393 1.86 #E74C3C
369 370 1.93 #E74C3C
369 394 1.17 #2ECC71
370 371 1.08 #2ECC71
370 395 1.65 #F1C40F
371 372 1.25 #2ECC71
371 396 1.09 #2ECC71
372 373 1.03 #2ECC71
372 397 1.14 #2ECC71
373 374 1.45 #F1C40F
373 398 1.22 #2ECC71
374 399 1.53 #F1C40F
375 376 1.11 #2ECC71
375 400 1.86 #E74C3C
376 377 1.5 #F1C40F
376 401 1.71 #E74C3C
377 378 1.24 #2ECC71
377 402 1.13 #2ECC71
378 379 1.07 #2ECC71
378 403 1.29 #2ECC71
379 380 1.51 #F1C40F
379 404 1.03 #2ECC71
380 381 1.85 #E74C3C
380 405 1.25 #2ECC71
381 382 1.13 #2ECC71
381 406 1.2 #2ECC71
382 383 1.22 #2ECC71
382 407 1.64 #F1C40F
383 384 1.56 #F1C40F
383 408 1.13 #2ECC71
384 385 1.07 #2ECC71
384 409 1.05 #2ECC71
385 386 1.5 #F1C40F
385 410 1.17 #2ECC71
386 387 1.02 #2ECC71
386 411 1.66 #F1C40F
387 388 1.08 #2ECC71
387 412 1.53 #F1C40F
388 389 1.58 #F1C40F
388 413 1.45 #F1C40F
389 390 1.42 #F1C40F
389 414 1.07 #2ECC71
390 391 1.0 #2ECC71
390 415 1.23 #2ECC71
391 392 1.74 #E74C3C
391 416 1.03 #2ECC71
392 393 1.09 #2ECC71
392 417 1.31 #2ECC71
393 394 1.99 #E74C3C
393 418 1.07 #2ECC71
394 395 1.34 #F1C40F
394 419 1.97 #E74C3C
395 396 1.01 #2ECC71
395 420 1.05 #2ECC71
396 397 1.71 #E74C3C
396 421 1.47 #F1C40F
397 398 1.16 #2ECC71
397 422 1.85 #E74C3C
398 399 1.02 #2ECC71
398 423 1.3 #2ECC71
399 424 1.43 #F1C40F
400 401 1.61 #F1C40F
400 425 1.17 #2ECC71
401 402 1.87 #E74C3C
401 426 1.54 #F1C40F
402 403 1.72 #E74C3C
402 427 1.01 #2ECC71
403 404 1.6 #F1C40F
403 428 1.15 #2ECC71
404 405 1.52 #F1C40F
404 429 1.39 #F1C40F
405 406 1.74 #E74C3C
405 430 1.01 #2ECC71
406 407 1.59 #F1C40F
406 431 1.41 #F1C40F
407 408 1.89 #E74C3C
407 432 1.22 #2ECC71
408 409 1.84 #E74C3C
408 433 1.76 #E74C3C
409 410 1.98 #E74C3C
409 434 1.92 #E74C3C
410 411 1.19 #2ECC71
410 435 1.26 #2ECC71
411 412 1.98 #E74C3C
411 436 1.02 #2ECC71
412 413 1.58 #F1C40F
412 437 1.3 #2ECC71
413 414 1.6 #F1C40F
413 438 1.27 #2ECC71
414 415 1.38 #F1C40F
414 439 1.1 #2ECC71
415 416 1.77 #E74C3C
415 440 1.96 #E74C3C
416 417 1.35 #F1C40F
416 441 1.14 #2ECC71
417 418 1.36 #F1C40F
417 442 1.77 #E74C3C
418 419 1.97 #E74C3C
418 443 1.14 #2ECC71
419 420 1.51 #F1C40F
419 444 1.68 #E74C3C
420 421 1.64 #F1C40F
420 445 1.15 #2ECC71
421 422 1.2 #2ECC71
421 446 1.55 #F1C40F
422 423 1.34 #F1C40F
422 447 1.53 #F1C40F
423 424 1.5 #F1C40F
423 448 1.93 #E74C3C
424 449 1.29 #2ECC71
425 426 1.35 #F1C40F
425 450 1.03 #2ECC71
426 427 1.04 #2ECC71
426 451 1.24 #2ECC71
427 428 1.32 #2ECC71
427 452 1.35 #F1C40F
428 429 1.45 #F1C40F
428 453 1.46 #F1C40F
429 430 1.88 #E74C3C
429 454 1.56 #F1C40F
430 431 1.47 #F1C40F
430 455 1.18 #2ECC71
431 432 1.1 #2ECC71
431 456 1.5 #F1C40F
432 433 1.87 #E74C3C
432 457 1.96 #E74C3C
433 434 1.64 #F1C40F
433 458 1.73 #E74C3C
434 435 1.58 #F1C40F
434 459 1.09 #2ECC71
435 436 1.59 #F1C40F
435 460 1.29 #2ECC71
436 437 1.92 #E74C3C
436 461 1.94 #E74C3C
437 438 1.87 #E74C3C
437 462 1.76 #E74C3C
438 439 1.59 #F1C40F
438 463 1.04 #2ECC71
439 440 1.6 #F1C40F
439 464 1.16 #2ECC71
440 441 1.95 #E74C3C
440 465 1.75 #E74C3C
441 442 1.82 #E74C3C
441 466 1.95 #E74C3C
442 443 1.51 #F1C40F
442 467 1.61 #F1C40F
443 444 1.31 #2ECC71
443 468 1.98 #E74C3C
444 445 1.34 #F1C40F
444 469 1.16 #2ECC71
445 446 1.6 #F1C40F
445 470 1.87 #E74C3C
446 447 1.19 #2ECC71
446 471 1.59 #F1C40F
447 448 1.48 #F1C40F
447 472 1.7 #E74C3C
448 449 1.71 #E74C3C
448 473 1.4 #F1C40F
449 474 1.18 #2ECC71
450 451 1.34 #F1C40F
450 475 1.93 #E74C3C
451 452 1.92 #E74C3C
451 476 1.35 #F1C40F
452 453 1.73 #E74C3C
452 477 1.73 #E74C3C
453 454 1.37 #F1C40F
453 478 1.7 #E74C3C
454 455 1.23 #2ECC71
454 479 1.3 #2ECC71
455 456 1.51 #F1C40F
455 480 1.76 #E74C3C
456 457 1.94 #E74C3C
456 481 1.82 #E74C3C
457 458 1.58 #F1C40F
457 482 1.37 #F1C40F
458 459 1.68 #E74C3C
458 483 1.22 #2ECC71
459 460 1.35 #F1C40F
459 484 1.63 #F1C40F
460 461 1.88 #E74C3C
460 485 1.95 #E74C3C
461 462 1.85 #E74C3C
461 486 1.02 #2ECC71
462 463 1.4 #F1C40F
462 487 1.15 #2ECC71
463 464 2.0 #E74C3C
463 488 1.09 #2ECC71
464 465 1.1 #2ECC71
464 489 1.31 #2ECC71
465 466 1.18 #2ECC71
465 490 1.73 #E74C3C
466 467 1.57 #F1C40F
466 491 1.59 #F1C40F
467 468 1.25 #2ECC71
467 492 1.09 #2ECC71
468 469 1.67 #E74C3C
468 493 1.47 #F1C40F
469 470 1.59 #F1C40F
469 494 1.93 #E74C3C
470 471 1.93 #E74C3C
470 495 1.92 #E74C3C
471 472 1.99 #E74C3C
471 496 1.64 #F1C40F
472 473 1.55 #F1C40F
472 497 1.93 #E74C3C
473 474 1.26 #2ECC71
473 498 1.15 #2ECC71
474 499 1.91 #E74C3C
475 476 1.48 #F1C40F
475 500 1.76 #E74C3C
476 477 1.6 #F1C40F
476 501 1.13 #2ECC71
477 478 1.29 #2ECC71
477 502 1.92 #E74C3C
478 479 1.67 #E74C3C
478 503 1.74 #E74C3C
479 480 1.67 #E74C3C
479 504 1.22 #2ECC71
480 481 1.97 #E74C3C
480 505 1.98 #E74C3C
481 482 1.8 #E74C3C
481 506 1.5 #F1C40F
482 483 1.81 #E74C3C
482 507 1.44 #F1C40F
483 484 1.49 #F1C40F
483 508 1.76 #E74C3C
484 485 1.49 #F1C40F
484 509 1.08 #2ECC71
485 486 1.38 #F1C40F
485 510 1.63 #F1C40F
486 487 1.84 #E74C3C
486 511 1.87 #E74C3C
487 488 1.04 #2ECC71
487 512 1.49 #F1C40F
488 489 1.91 #E74C3C
488 513 1.82 #E74C3C
489 490 1.34 #F1C40F
489 514 1.78 #E74C3C
490 491 1.73 #E74C3C
490 515 1.5 #F1C40F
491 492 1.67 #E74C3C
491 516 1.81 #E74C3C
492 493 1.05 #2ECC71
492 517 1.53 #F1C40F
493 494 1.23 #2ECC71
493 518 1.73 #E74C3C
494 495 1.94 #E74C3C
494 519 1.09 #2ECC71
495 496 1.5 #F1C40F
495 520 1.56 #F1C40F
496 497 1.82 #E74C3C
496 521 1.56 #F1C40F
497 498 1.49 #F1C40F
497 522 1.06 #2ECC71
498 499 1.1 #2ECC71
498 523 1.32 #2ECC71
499 524 1.2 #2ECC71
500 501 1.68 #E74C3C
500 525 1.18 #2ECC71
501 502 1.92 #E74C3C
501 526 1.98 #E74C3C
502 503 1.07 #2ECC71
502 527 1.58 #F1C40F
503 504 1.83 #E74C3C
503 528 1.96 #E74C3C
504 505 1.13 #2ECC71
504 529 1.52 #F1C40F
505 506 1.74 #E74C3C
505 530 1.72 #E74C3C
506 507 1.88 #E74C3C
506 531 1.18 #2ECC71
507 508 1.04 #2ECC71
507 532 1.11 #2ECC71
508 509 1.63 #F1C40F
508 533 1.33 #2ECC71
509 510 1.02 #2ECC71
509 534 1.27 #2ECC71
510 511 1.64 #F1C40F
510 535 1.81 #E74C3C
511 512 1.28 #2ECC71
511 536 1.84 #E74C3C
512 513 1.91 #E74C3C
512 537 1.52 #F1C40F
513 514 1.82 #E74C3C
513 538 1.62 #F1C40F
514 515 1.38 #F1C40F
514 539 1.92 #E74C3C
515 516 1.14 #2ECC71
515 540 1.0 #2ECC71
516 517 1.04 #2ECC71
516 541 1.08 #2ECC71
517 518 1.8 #E74C3C
517 542 1.1 #2ECC71
518 519 1.99 #E74C3C
518 543 1.39 #F1C40F
519 520 1.5 #F1C40F
519 544 1.76 #E74C3C
520 521 1.89 #E74C3C
520 545 1.71 #E74C3C
521 522 1.64 #F1C40F
521 546 1.7 #E74C3C
522 523 1.09 #2ECC71
522 547 1.33 #2ECC71
523 524 1.51 #F1C40F
523 548 1.07 #2ECC71
524 549 1.12 #2ECC71
525 526 1.17 #2ECC71
525 550 1.69 #E74C3C
526 527 1.87 #E74C3C
526 551 1.35 #F1C40F
527 528 1.5 #F1C40F
527 552 1.79 #E74C3C
528 529 1.55 #F1C40F
528 553 1.4 #F1C40F
529 530 1.9 #E74C3C
529 554 1.61 #F1C40F
530 531 1.58 #F1C40F
530 555 1.56 #F1C40F
531 532 1.13 #2ECC71
531 556 1.13 #2ECC71
532 533 1.24 #2ECC71
532 557 1.11 #2ECC71
533 534 1.07 #2ECC71
533 558 1.07 #2ECC71
534 535 1.94 #E74C3C
534 559 1.82 #E74C3C
535 536 1.74 #E74C3C
535 560 1.48 #F1C40F
536 537 1.6 #F1C40F
536 561 1.61 #F1C40F
537 538 1.61 #F1C40F
537 562 1.2 #2ECC71
538 539 1.14 #2ECC71
538 563 1.75 #E74C3C
539 540 1.2 #2ECC71
539 564 1.49 #F1C40F
540 541 1.98 #E74C3C
540 565 1.01 #2ECC71
541 542 1.32 #2ECC71
541 566 1.64 #F1C40F
542 543 1.25 #2ECC71
542 567 1.31 #2ECC71
543 544 1.13 #2ECC71
543 568 1.66 #F1C40F
544 545 1.2 #2ECC71
544 569 1.23 #2ECC71
545 546 1.79 #E74C3C
545 570 1.94 #E74C3C
546 547 1.37 #F1C40F
546 571 1.45 #F1C40F
547 548 1.94 #E74C3C
547 572 1.92 #E74C3C
548 549 1.36 #F1C40F
548 573 1.78 #E74C3C
549 574 1.17 #2ECC71
550 551 1.13 #2ECC71
550 575 1.9 #E74C3C
551 552 1.68 #E74C3C
551 576 1.68 #E74C3C
552 553 1.08 #2ECC71
552 577 1.1 #2ECC71
553 554 1.81 #E74C3C
553 578 1.06 #2ECC71
554 555 1.36 #F1C40F
554 579 1.8 #E74C3C
555 556 1.33 #2ECC71
555 580 1.18 #2ECC71
556 557 1.54 #F1C40F
556 581 1.12 #2ECC71
557 558 1.24 #2ECC71
557 582 1.14 #2ECC71
558 559 1.6 #F1C40F
558 583 1.27 #2ECC71
559 560 1.87 #E74C3C
559 584 1.95 #E74C3C
560 561 1.88 #E74C3C
560 585 1.46 #F1C40F
561 562 1.23 #2ECC71
561 586 1.13 #2ECC71
562 563 1.42 #F1C40F
562 587 1.73 #E74C3C
563 564 1.93 #E74C3C
563 588 1.95 #E74C3C
564 565 1.4 #F1C40F
564 589 1.06 #2ECC71
565 566 1.57 #F1C40F
565 590 1.62 #F1C40F
566 567 1.97 #E74C3C
566 591 1.71 #E74C3C
567 568 1.82 #E74C3C
567 592 1.57 #F1C40F
568 569 2.0 #E74C3C
568 593 1.58 #F1C40F
569 570 1.17 #2ECC71
569 594 1.72 #E74C3C
570 571 1.95 #E74C3C
570 595 1.18 #2ECC71
571 572 1.55 #F1C40F
571 596 1.97 #E74C3C
572 573 1.53 #F1C40F
572 597 1.3 #2ECC71
573 574 1.65 #F1C40F
573 598 1.77 #E74C3C
574 599 1.28 #2ECC71
575 576 1.64 #F1C40F
575 600 1.01 #2ECC71
576 577 1.09 #2ECC71
576 601 1.58 #F1C40F
577 578 1.24 #2ECC71
577 602 1.68 #E74C3C
578 579 1.08 #2ECC71
578 603 1.08 #2ECC71
579 580 1.5 #F1C40F
579 604 1.15 #2ECC71
580 581 1.54 #F1C40F
580 605 1.82 #E74C3C
581 582 1.92 #E74C3C
581 606 1.74 #E74C3C
582 583 1.08 #2ECC71
582 607 1.76 #E74C3C
583 584 1.89 #E74C3C
583 608 1.58 #F1C40F
584 585 1.07 #2ECC71
584 609 1.93 #E74C3C
585 586 1.49 #F1C40F
585 610 1.3 #2ECC71
586 587 1.81 #E74C3C
586 611 1.91 #E74C3C
587 588 1.55 #F1C40F
587 612 1.26 #2ECC71
588 589 1.61 #F1C40F
588 613 1.29 #2ECC71
589 590 1.43 #F1C40F
589 614 1.72 #E74C3C
590 591 1.67 #E74C3C
590 615 1.11 #2ECC71
591 592 1.44 #F1C40F
591 616 1.63 #F1C40F
592 593 1.96 #E74C3C
592 617 1.46 #F1C40F
593 594 1.58 #F1C40F
593 618 1.32 #2ECC71
594 595 1.19 #2ECC71
594 619 1.68 #E74C3C
595 596 1.27 #2ECC71
595 620 1.93 #E74C3C
596 597 1.08 #2ECC71
596 621 1.71 #E74C3C
597 598 1.19 #2ECC71
597 622 1.72 #E74C3C
598 599 1.48 #F1C40F
598 623 1.88 #E74C3C
599 624 1.59 #F1C40F
600 601 1.84 #E74C3C
601 602 1.01 #2ECC71
602 603 1.86 #E74C3C
603 604 1.41 #F1C40F
604 605 1.39 #F1C40F
605 606 1.18 #2ECC71
606 607 1.09 #2ECC71
607 608 1.37 #F1C40F
608 609 1.66 #F1C40F
609 610 1.76 #E74C3C
610 611 1.02 #2ECC71
611 612 1.17 #2ECC71
612 613 1.43 #F1C40F
613 614 1.05 #2ECC71
614 615 1.89 #E74C3C
615 616 1.96 #E74C3C
616 617 1.53 #F1C40F
617 618 1.93 #E74C3C
618 619 1.4 #F1C40F
619 620 1.65 #F1C40F
620 621 1.42 #F1C40F
621 622 1.95 #E74C3C
622 623 1.73 #E74C3C
623 624 1.03 #2ECC71
