0 1 1.37 #F1C40F
0 20 1.37 #F1C40F
1 2 1.55 #F1C40F
1 21 1.26 #2ECC71
2 3 1.59 #F1C40F
2 22 1.59 #F1C40F
3 4 1.03 #2ECC71
3 23 1.02 #2ECC71
4 5 1.86 #E74C3C
4 24 1.54 #F1C40F
5 6 1.87 #E74C3C
5 25 1.92 #E74C3C
6 7 1.64 #F1C40F
6 26 1.39 #F1C40F
7 8 1.9 #E74C3C
7 27 1.18 #2ECC71
8 9 1.17 #2ECC71
8 28 1.74 #E74C3C
9 10 1.98 #E74C3C
9 29 1.19 #2ECC71
10 11 1.65 #F1C40F
10 30 1.65 #F1C40F
11 12 1.69 #E74C3C
11 31 1.33 #2ECC71
12 13 1.11 #2ECC71
12 32 1.82 #E74C3C
13 14 1.28 #2ECC71
13 33 1.61 #F1C40F
14 15 1.28 #2ECC71
14 34 1.35 #F1C40F
15 16 1.27 #2ECC71
15 35 1.31 #2ECC71
16 17 1.92 #E74C3C
16 36 1.19 #2ECC71
17 18 1.88 #E74C3C
17 37 1.34 #F1C40F
18 19 1.49 #F1C40F
18 38 1.0 #2ECC71
19 39 1.86 #E74C3C
20 21 1.92 #E74C3C
20 40 1.34 #F1C40F
21 22 1.56 #F1C40F
21 41 1.54 #F1C40F
22 23 1.2 #2ECC71
22 42 1.49 #F1C40F
23 24 1.54 #F1C40F
23 43 1.15 #2ECC71
24 25 1.98 #E74C3C
24 44 1.11 #2ECC71
25 26 1.74 #E74C3C
25 45 1.16 #2ECC71
26 27 1.44 #F1C40F
26 46 1.14 #2ECC71
27 28 1.34 #F1C40F
27 47 1.03 #2ECC71
28 29 1.57 #F1C40F
28 48 1.47 #F1C40F
29 30 1.72 #E74C3C
29 49 1.04 #2ECC71
30 31 1.19 #2ECC71
30 50 1.66 #F1C40F
31 32 1.36 #F1C40F
31 51 1.96 #E74C3C
32 33 1.19 #2ECC71
32 52 1.24 #2ECC71
33 34 1.3 #2ECC71
33 53 1.39 #F1C40F
34 35 1.69 #E74C3C
34 54 1.18 #2ECC71
35 36 1.35 #F1C40F
35 55 1.05 #2ECC71
36 37 1.45 #F1C40F
36 56 1.41 #F1C40F
37 38 1.71 #E74C3C
37 57 1.04 #2ECC71
38 39 1.58 #F1C40F
38 58 1.37 #F1C40F
39 59 1.57 #F1C40F
40 41 1.42 #F1C40F
40 60 1.57 #F1C40F
41 42 1.55 #F1C40F
41 61 1.17 #2ECC71
42 43 1.24 #2ECC71
42 62 1.2 #2ECC71
43 44 1.27 #2ECC71
43 63 1.51 #F1C40F
44 45 1.65 #F1C40F
44 64 1.94 #E74C3C
45 46 1.89 #E74C3C
45 65 1.6 #F1C40F
46 47 1.31 #2ECC71
46 66 1.11 #2ECC71
47 48 1.1 #2ECC71
47 67 1.84 #E74C3C
48 49 1.7 #E74C3C
48 68 1.01 #2ECC71
49 50 1.03 #2ECC71
49 69 1.27 #2ECC71
50 51 1.11 #2ECC71
50 70 1.95 #E74C3C
51 52 1.93 #E74C3C
51 71 1.3 #2ECC71
52 53 1.87 #E74C3C
52 72 1.93 #E74C3C
53 54 1.2 #2ECC71
53 73 1.14 #2ECC71
54 55 1.16 #2ECC71
54 74 1.23 #2ECC71
55 56 1.55 #F1C40F
55 75 1.98 #E74C3C
56 57 1.5 #F1C40F
56 76 1.77 #E74C3C
57 58 1.22 #2ECC71
57 77 1.21 #2ECC71
58 59 1.29 #2ECC71
58 78 1.03 #2ECC71
59 79 1.73 #E74C3C
60 61 1.46 #F1C40F
60 80 1.82 #E74C3C
61 62 1.67 #E74C3C
61 81 1.78 #E74C3C
62 63 1.93 #E74C3C
62 82 1.75 #E74C3C
63 64 1.36 #F1C40F
63 83 1.74 #E74C3C
64 65 1.37 #F1C40F
64 84 1.93 #E74C3C
65 66 1.14 #2ECC71
65 85 1.89 #E74C3C
66 67 1.84 #E74C3C
66 86 1.96 #E74C3C
67 68 1.48 #F1C40F
67 87 1.03 #2ECC71
68 69 1.32 #2ECC71
68 88 1.41 #F1C40F
69 70 1.13 #2ECC71
69 89 1.83 #E74C3C
70 71 1.24 #2ECC71
70 90 1.93 #E74C3C
71 72 1.76 #E74C3C
71 91 1.16 #2ECC71
72 73 1.12 #2ECC71
72 92 1.35 #F1C40F
73 74 1.87 #E74C3C
73 93 1.02 #2ECC71
74 75 1.82 #E74C3C
74 94 1.37 #F1C40F
75 76 1.35 #F1C40F
75 95 1.11 #2ECC71
76 77 1.82 #E74C3C
76 96 1.96 #E74C3C
77 78 1.37 #F1C40F
77 97 1.27 #2ECC71
78 79 1.58 #F1C40F
78 98 1.88 #E74C3C
79 99 2.0 #E74C3C
80 81 1.78 #E74C3C
80 100 1.77 #E74C3C
81 82 1.86 #E74C3C
81 101 1.18 #2ECC71
82 83 1.49 #F1C40F
82 102 1.81 #E74C3C
83 84 1.22 #2ECC71
83 103 1.69 #E74C3C
84 85 1.42 #F1C40F
84 104 1.32 #2ECC71
85 86 1.88 #E74C3C
85 105 1.45 #F1C40F
86 87 1.16 #2ECC71
86 106 1.43 #F1C40F
87 88 1.73 #E74C3C
87 107 1.92 #E74C3C
88 89 1.86 #E74C3C
88 108 1.56 #F1C40F
89 90 1.62 #F1C40F
89 109 1.28 #2ECC71
90 91 1.63 #F1C40F
90 110 1.4 #F1C40F
91 92 1.51 #F1C40F
91 111 1.44 #F1C40F
92 93 1.82 #E74C3C
92 112 1.28 #2ECC71
93 94 1.61 #F1C40F
93 113 1.49 #F1C40F
94 95 1.85 #E74C3C
94 114 1.46 #F1C40F
95 96 1.48 #F1C40F
95 115 1.72 #E74C3C
96 97 1.51 #F1C40F
96 116 1.97 #E74C3C
97 98 1.47 #F1C40F
97 117 1.12 #2ECC71
98 99 1.25 #2ECC71
98 118 1.3 #2ECC71
99 119 1.36 #F1C40F
100 101 1.18 #2ECC71
100 120 1.03 #2ECC71
101 102 1.71 #E74C3C
101 121 1.8 #E74C3C
102 103 1.53 #F1C40F
102 122 1.61 #F1C40F
103 104 1.44 #F1C40F
103 123 1.29 #2ECC71
104 105 1.31 #2ECC71
104 124 1.42 #F1C40F
105 106 1.45 #F1C40F
105 125 1.35 #F1C40F
106 107 1.04 #2ECC71
106 126 1.25 #2ECC71
107 108 1.41 #F1C40F
107 127 1.52 #F1C40F
108 109 1.84 #E74C3C
108 128 1.27 #2ECC71
109 110 1.76 #E74C3C
109 129 1.22 #2ECC71
110 111 1.99 #E74C3C
110 130 1.62 #F1C40F
111 112 1.6 #F1C40F
111 131 1.54 #F1C40F
112 113 1.49 #F1C40F
112 132 1.65 #F1C40F
113 114 1.01 #2ECC71
113 133 1.19 #2ECC71
114 115 1.73 #E74C3C
114 134 1.44 #F1C40F
115 116 1.96 #E74C3C
115 135 1.56 #F1C40F
116 117 1.3 #2ECC71
116 136 1.17 #2ECC71
117 118 1.82 #E74C3C
117 137 1.63 #F1C40F
118 119 1.44 #F1C40F
118 138 1.92 #E74C3C
119 139 1.91 #E74C3C
120 121 1.2 #2ECC71
120 140 1.58 #F1C40F
121 122 1.97 #E74C3C
121 141 1.57 #F1C40F
122 123 1.15 #2ECC71
122 142 1.14 #2ECC71
123 124 1.1 #2ECC71
123 143 1.9 #E74C3C
124 125 1.6 #F1C40F
124 144 1.5 #F1C40F
125 126 1.27 #2ECC71
125 145 1.48 #F1C40F
126 127 1.23 #2ECC71
126 146 1.03 #2ECC71
127 128 1.82 #E74C3C
127 147 1.36 #F1C40F
128 129 1.75 #E74C3C
128 148 1.09 #2ECC71
129 130 1.88 #E74C3C
129 149 1.46 #F1C40F
130 131 1.22 #2ECC71
130 150 1.85 #E74C3C
131 132 1.47 #F1C40F
131 151 1.29 #2ECC71
132 133 1.77 #E74C3C
132 152 1.1 #2ECC71
133 134 1.78 #E74C3C
133 153 1.76 #E74C3C
134 135 1.26 #2ECC71
134 154 1.69 #E74C3C
135 136 1.89 #E74C3C
135 155 1.53 #F1C40F
136 137 1.85 #E74C3C
136 156 1.72 #E74C3C
137 138 1.38 #F1C40F
137 157 1.55 #F1C40F
138 139 1.14 #2ECC71
138 158 1.16 #2ECC71
139 159 1.86 #E74C3C
140 141 1.32 #2ECC71
140 160 1.06 #2ECC71
141 142 1.93 #E74C3C
141 161 1.62 #F1C40F
142 143 1.88 #E74C3C
142 162 1.21 #2ECC71
143 144 1.36 #F1C40F
143 163 1.7 #E74C3C
144 145 1.48 #F1C40F
144 164 1.19 #2ECC71
145 146 1.29 #2ECC71
145 165 1.72 #E74C3C
146 147 1.98 #E74C3C
146 166 1.73 #E74C3C
147 148 1.76 #E74C3C
147 167 1.44 #F1C40F
148 149 1.43 #F1C40F
148 168 1.07 #2ECC71
149 150 1.92 #E74C3C
149 169 1.74 #E74C3C
150 151 1.78 #E74C3C
150 170 1.07 #2ECC71
151 152 1.99 #E74C3C
151 171 1.86 #E74C3C
152 153 1.6 #F1C40F
152 172 1.53 #F1C40F
153 154 1.28 #2ECC71
153 173 1.83 #E74C3C
154 155 1.36 #F1C40F
154 174 1.45 #F1C40F
155 156 1.18 #2ECC71
155 175 1.37 #F1C40F
156 157 1.17 #2ECC71
156 176 1.53 #F1C40F
157 158 1.81 #E74C3C
157 177 1.18 #2ECC71
158 159 1.14 #2ECC71
158 178 1.39 #F1C40F
159 179 1.96 #E74C3C
160 161 1.92 #E74C3C
160 180 1.8 #E74C3C
161 162 1.77 #E74C3C
161 181 1.42 #F1C40F
162 163 1.92 #E74C3C
162 182 1.99 #E74C3C
163 164 1.86 #E74C3C
163 183 1.45 #F1C40F
164 165 1.8 #E74C3C
164 184 1.67 #E74C3C
165 166 1.23 #2ECC71
165 185 1.79 #E74C3C
166 167 1.9 #E74C3C
166 186 1.22 #2ECC71
167 168 1.29 #2ECC71
167 187 1.66 #F1C40F
168 169 1.15 #2ECC71
168 188 1.82 #E74C3C
169 170 1.52 #F1C40F
169 189 1.71 #E74C3C
170 171 1.64 #F1C40F
170 190 1.16 #2ECC71
171 172 1.38 #F1C40F
171 191 1.54 #F1C40F
172 173 1.07 #2ECC71
172 192 1.67 #E74C3C
173 174 1.33 #2ECC71
173 193 1.54 #F1C40F
174 175 1.71 #E74C3C
174 194 1.24 #2ECC71
175 176 1.87 #E74C3C
175 195 1.68 #E74C3C
176 177 1.93 #E74C3C
176 196 1.2 #2ECC71
177 178 1.59 #F1C40F
177 197 1.35 #F1C40F
178 179 1.32 #2ECC71
178 198 1.42 #F1C40F
179 199 1.95 #E74C3C
180 181 1.29 #2ECC71
180 200 1.59 #F1C40F
181 182 1.29 #2ECC71
181 201 1.95 #E74C3C
182 183 1.92 #E74C3C
182 202 1.62 #F1C40F
183 184 1.82 #E74C3C
183 203 1.31 #2ECC71
184 185 1.23 #2ECC71
184 204 1.14 #2ECC71
185 186 1.12 #2ECC71
185 205 1.07 #2ECC71
186 187 1.73 #E74C3C
186 206 1.44 #F1C40F
187 188 1.59 #F1C40F
187 207 1.27 #2ECC71
188 189 1.42 #F1C40F
188 208 1.47 #F1C40F
189 190 1.04 #2ECC71
189 209 1.27 #2ECC71
190 191 1.38 #F1C40F
190 210 1.55 #F1C40F
191 192 1.93 #E74C3C
191 211 1.57 #F1C40F
192 193 1.1 #2ECC71
192 212 1.44 #F1C40F
193 194 1.02 #2ECC71
193 213 1.69 #E74C3C
194 195 1.56 #F1C40F
194 214 1.25 #2ECC71
195 196 1.59 #F1C40F
195 215 1.05 #2ECC71
196 197 1.35 #F1C40F
196 216 1.55 #F1C40F
197 198 1.87 #E74C3C
197 217 1.97 #E74C3C
198 199 1.1 #2ECC71
198 218 1.78 #E74C3C
199 219 1.71 #E74C3C
200 201 1.44 #F1C40F
200 220 1.57 #F1C40F
201 202 1.9 #E74C3C
201 221 1.75 #E74C3C
202 203 1.76 #E74C3C
202 222 1.55 #F1C40F
203 204 1.86 #E74C3C
203 223 1.95 #E74C3C
204 205 1.27 #2ECC71
204 224 1.67 #E74C3C
205 206 1.72 #E74C3C
205 225 1.56 #F1C40F
206 207 1.16 #2ECC71
206 226 1.38 #F1C40F
207 208 1.81 #E74C3C
207 227 1.08 #2ECC71
208 209 1.87 #E74C3C
208 228 1.7 #E74C3C
209 210 1.44 #F1C40F
209 229 1.77 #E74C3C
210 211 1.32 #2ECC71
210 230 1.97 #E74C3C
211 212 1.34 #F1C40F
211 231 1.61 #F1C40F
212 213 1.44 #F1C40F
212 232 1.02 #2ECC71
213 214 1.64 #F1C40F
213 233 1.73 #E74C3C
214 215 1.39 #F1C40F
214 234 1.08 #2ECC71
215 216 1.37 #F1C40F
215 235 1.4 #F1C40F
216 217 1.7 #E74C3C
216 236 1.18 #2ECC71
217 218 1.59 #F1C40F
217 237 1.06 #2ECC71
218 219 1.37 #F1C40F
218 238 1.62 #F1C40F
219 239 1.65 #F1C40F
220 221 1.78 #E74C3C
220 240 1.51 #F1C40F
221 222 1.05 #2ECC71
221 241 1.81 #E74C3C
222 223 1.97 #E74C3C
222 242 1.54 #F1C40F
223 224 1.2 #2ECC71
223 243 1.39 #F1C40F
224 225 1.14 #2ECC71
224 244 2.0 #E74C3C
225 226 1.26 #2ECC71
225 245 1.33 #2ECC71
226 227 1.28 #2ECC71
226 246 1.55 #F1C40F
227 228 1.29 #2ECC71
227 247 1.43 #F1C40F
228 229 1.27 #2ECC71
228 248 1.09 #2ECC71
229 230 1.35 #F1C40F
229 249 1.34 #F1C40F
230 231 1.85 #E74C3C
230 250 1.12 #2ECC71
231 232 1.63 #F1C40F
231 251 1.91 #E74C3C
232 233 1.74 #E74C3C
232 252 1.76 #E74C3C
233 234 1.56 #F1C40F
233 253 1.41 #F1C40F
234 235 1.52 #F1C40F
234 254 1.08 #2ECC71
235 236 1.9 #E74C3C
235 255 1.67 #E74C3C
236 237 1.62 #F1C40F
236 256 1.8 #E74C3C
237 238 1.91 #E74C3C
237 257 1.36 #F1C40F
238 239 1.06 #2ECC71
238 258 1.59 #F1C40F
239 259 1.24 #2ECC71
240 241 1.87 #E74C3C
240 260 1.57 #F1C40F
241 242 1.1 #2ECC71
241 261 1.08 #2ECC71
242 243 1.36 #F1C40F
242 262 1.54 #F1C40F
243 244 1.26 #2ECC71
243 263 1.18 #2ECC71
244 245 1.36 #F1C40F
244 264 1.92 #E74C3C
245 246 1.17 #2ECC71
245 265 1.62 #F1C40F
246 247 1.42 #F1C40F
246 266 1.72 #E74C3C
247 248 1.81 #E74C3C
247 267 1.87 #E74C3C
248 249 1.81 #E74C3C
248 268 1.61 #F1C40F
249 250 1.0 #2ECC71
249 269 1.98 #E74C3C
250 251 1.01 #2ECC71
250 270 1.65 #F1C40F
251 252 1.29 #2ECC71
251 271 1.35 #F1C40F
252 253 1.65 #F1C40F
252 272 1.2 #2ECC71
253 254 1.83 #E74C3C
253 273 1.33 #2ECC71
254 255 1.57 #F1C40F
254 274 1.89 #E74C3C
255 256 1.72 #E74C3C
255 275 1.67 #E74C3C
256 257 1.83 #E74C3C
256 276 1.85 #E74C3C
257 258 1.32 #2ECC71
257 277 1.03 #2ECC71
258 259 1.07 #2ECC71
258 278 1.11 #2ECC71
259 279 1.89 #E74C3C
260 261 1.98 #E74C3C
260 280 1.24 #2ECC71
261 262 1.66 #F1C40F
261 281 1.96 #E74C3C
262 263 1.86 #E74C3C
262 282 1.32 #2ECC71
263 264 1.61 #F1C40F
263 283 1.02 #2ECC71
264 265 1.07 #2ECC71
264 284 1.85 #E74C3C
265 266 1.45 #F1C40F
265 285 1.44 #F1C40F
266 267 1.05 #2ECC71
266 286 1.43 #F1C40F
267 268 1.63 #F1C40F
267 287 1.63 #F1C40F
268 269 1.94 #E74C3C
268 288 1.47 #F1C40F
269 270 1.0 #2ECC71
269 289 1.53 #F1C40F
270 271 1.24 #2ECC71
270 290 1.83 #E74C3C
271 272 1.2 #2ECC71
271 291 1.85 #E74C3C
272 273 1.65 #F1C40F
272 292 1.59 #F1C40F
273 274 1.08 #2ECC71
273 293 1.6 #F1C40F
274 275 1.46 #F1C40F
274 294 1.64 #F1C40F
275 276 1.1 #2ECC71
275 295 1.98 #E74C3C
276 277 1.61 #F1C40F
276 296 1.42 #F1C40F
277 278 1.27 #2ECC71
277 297 1.33 #2ECC71
278 279 1.76 #E74C3C
278 298 1.76 #E74C3C
279 299 1.64 #F1C40F
280 281 1.74 #E74C3C
280 300 1.3 #2ECC71
281 282 1.79 #E74C3C
281 301 1.56 #F1C40F
282 283 1.86 #E74C3C
282 302 1.33 #2ECC71
283 284 1.47 #F1C40F
283 303 1.5 #F1C40F
284 285 1.67 #E74C3C
284 304 1.32 #2ECC71
285 286 1.55 #F1C40F
285 305 1.84 #E74C3C
286 287 1.31 #2ECC71
286 306 1.47 #F1C40F
287 288 1.76 #E74C3C
287 307 1.77 #E74C3C
288 289 1.88 #E74C3C
288 308 1.73 #E74C3C
289 290 1.89 #E74C3C
289 309 1.94 #E74C3C
290 291 1.46 #F1C40F
290 310 1.33 #2ECC71
291 292 1.14 #2ECC71
291 311 1.89 #E74C3C
292 293 1.7 #E74C3C
292 312 1.91 #E74C3C
293 294 1.22 #2ECC71
293 313 1.62 #F1C40F
294 295 1.5 #F1C40F
294 314 1.96 #E74C3C
295 296 1.21 #2ECC71
295 315 1.86 #E74C3C
296 297 1.06 #2ECC71
296 316 1.88 #E74C3C
297 298 1.81 #E74C3C
297 317 1.09 #2ECC71
298 299 1.16 #2ECC71
298 318 1.62 #F1C40F
299 319 1.67 #E74C3C
300 301 1.03 #2ECC71
300 320 1.97 #E74C3C
301 302 1.02 #2ECC71
301 321 1.19 #2ECC71
302 303 1.57 #F1C40F
302 322 1.93 #E74C3C
303 304 1.49 #F1C40F
303 323 1.07 #2ECC71
304 305 1.3 #2ECC71
304 324 1.06 #2ECC71
305 306 1.05 #2ECC71
305 325 1.88 #E74C3C
306 307 1.67 #E74C3C
306 326 1.96 #E74C3C
307 308 1.39 #F1C40F
307 327 1.17 #2ECC71
308 309 1.96 #E74C3C
308 328 1.64 #F1C40F
309 310 1.87 #E74C3C
309 329 1.35 #F1C40F
310 311 1.94 #E74C3C
310 330 1.95 #E74C3C
311 312 1.15 #2ECC71
311 331 1.91 #E74C3C
312 313 1.51 #F1C40F
312 332 1.43 #F1C40F
313 314 1.34 #F1C40F
313 333 1.23 #2ECC71
314 315 1.17 #2ECC71
314 334 1.77 #E74C3C
315 316 1.27 #2ECC71
315 335 1.63 #F1C40F
316 317 1.85 #E74C3C
316 336 1.42 #F1C40F
317 318 1.01 #2ECC71
317 337 1.69 #E74C3C
318 319 1.59 #F1C40F
318 338 1.07 #2ECC71
319 339 1.73 #E74C3C
320 321 1.86 #E74C3C
320 340 1.33 #2ECC71
321 322 1.81 #E74C3C
321 341 1.6 #F1C40F
322 323 1.13 #2ECC71
322 342 1.47 #F1C40F
323 324 1.22 #2ECC71
323 343 1.46 #F1C40F
324 325 1.24 #2ECC71
324 344 1.73 #E74C3C
325 326 1.05 #2ECC71
325 345 1.05 #2ECC71
326 327 1.56 #F1C40F
326 346 1.3 #2ECC71
327 328 1.53 #F1C40F
327 347 1.43 #F1C40F
328 329 1.11 #2ECC71
328 348 1.8 #E74C3C
329 330 1.36 #F1C40F
329 349 1.4 #F1C40F
330 331 1.36 #F1C40F
330 350 1.4 #F1C40F
331 332 1.27 #2ECC71
331 351 1.97 #E74C3C
332 333 1.79 #E74C3C
332 352 1.24 #2ECC71
333 334 1.75 #E74C3C
333 353 1.08 #2ECC71
334 335 1.41 #F1C40F
334 354 1.32 #2ECC71
335 336 1.25 #2ECC71
335 355 1.8 #E74C3C
336 337 1.55 #F1C40F
336 356 1.9 #E74C3C
337 338 1.89 #E74C3C
337 357 1.23 #2ECC71
338 339 1.31 #2ECC71
338 358 1.46 #F1C40F
339 359 1.38 #F1C40F
340 341 1.64 #F1C40F
340 360 1.47 #F1C40F
341 342 1.12 #2ECC71
341 361 1.17 #2ECC71
342 343 1.88 #E74C3C
342 362 1.14 #2ECC71
343 344 1.72 #E74C3C
343 363 1.27 #2ECC71
344 345 1.78 #E74C3C
344 364 2.0 #E74C3C
345 346 1.92 #E74C3C
345 365 1.54 #F1C40F
346 347 1.8 #E74C3C
346 366 1.05 #2ECC71
347 348 1.07 #2ECC71
347 367 1.82 #E74C3C
348 349 1.18 #2ECC71
348 368 1.61 #F1C40F
349 350 1.63 #F1C40F
349 369 1.36 #F1C40F
350 351 1.89 #E74C3C
350 370 1.92 #E74C3C
351 352 1.65 #F1C40F
351 371 1.5 #F1C40F
352 353 1.53 #F1C40F
352 372 1.39 #F1C40F
353 354 1.28 #2ECC71
353 373 1.93 #E74C3C
354 355 1.47 #F1C40F
354 374 1.88 #E74C3C
355 356 1.2 #2ECC71
355 375 1.77 #E74C3C
356 357 1.4 #F1C40F
356 376 1.59 #F1C40F
357 358 1.32 #2ECC71
357 377 1.31 #2ECC71
358 359 1.32 #2ECC71
358 378 1.23 #2ECC71
359 379 1.68 #E74C3C
360 361 1.87 #E74C3C
360 380 1.7 #E74C3C
361 362 1.81 #E74C3C
361 381 1.12 #2ECC71
362 363 1.92 #E74C3C
362 382 1.9 #E74C3C
363 364 1.62 #F1C40F
363 383 1.44 #F1C40F
364 365 1.92 #E74C3C
364 384 1.43 #F1C40F
365 366 1.89 #E74C3C
365 385 1.12 #2ECC71
366 367 1.86 #E74C3C
366 386 1.33 #2ECC71
367 368 1.92 #E74C3C
367 387 1.19 #2ECC71
368 369 1.37 #F1C40F
368 388 1.44 #F1C40F
369 370 1.75 #E74C3C
369 389 1.91 #E74C3C
370 371 1.74 #E74C3C
370 390 1.94 #E74C3C
371 372 1.73 #E74C3C
371 391 1.06 #2ECC71
372 373 1.67 #E74C3C
372 392 1.2 #2ECC71
373 374 1.63 #F1C40F
373 393 1.78 #E74C3C
374 375 1.32 #2ECC71
374 394 1.43 #F1C40F
375 376 1.99 #E74C3C
375 395 1.16 #2ECC71
376 377 1.36 #F1C40F
376 396 1.51 #F1C40F
377 378 1.2 #2ECC71
377 397 1.32 #2ECC71
378 379 1.49 #F1C40F
378 398 1.37 #F1C40F
379 399 1.37 #F1C40F
380 381 1.45 #F1C40F
381 382 1.86 #E74C3C
382 383 1.89 #E74C3C
383 384 1.86 #E74C3C
384 385 1.52 #F1C40F
385 386 1.31 #2ECC71
386 387 1.35 #F1C40F
387 388 1.0 #2ECC71
388 389 1.59 #F1C40F
389 390 1.41 #F1C40F
390 391 1.47 #F1C40F
391 392 1.03 #2ECC71
392 393 1.75 #E74C3C
393 394 1.07 #2ECC71
394 395 1.65 #F1C40F
395 396 1.43 #F1C40F
396 397 1.39 #F1C40F
397 398 1.73 #E74C3C
398 399 1.22 #2ECC71
