25
25
0 1 1.22 #2ECC71
0 25 1.66 #F1C40F
1 2 1.47 #F1C40F
1 26 1.27 #2ECC71
2 3 1.05 #2ECC71
2 27 1.2 #2ECC71
3 4 1.64 #F1C40F
3 28 1.14 #2ECC71
4 5 1.26 #2ECC71
4 29 1.32 #2ECC71
5 6 1.88 #E74C3C
5 30 1.86 #E74C3C
6 7 1.48 #F1C40F
6 31 1.29 #2ECC71
7 8 1.92 #E74C3C
7 32 1.25 #2ECC71
8 9 1.45 #F1C40F
8 33 1.27 #2ECC71
9 10 1.81 #E74C3C
9 34 1.4 #F1C40F
10 11 1.55 #F1C40F
10 35 1.2 #2ECC71
11 12 1.73 #E74C3C
11 36 1.65 #F1C40F
12 13 1.8 #E74C3C
12 37 1.71 #E74C3C
13 14 1.42 #F1C40F
13 38 1.46 #F1C40F
14 15 1.41 #F1C40F
14 39 1.31 #2ECC71
15 16 1.82 #E74C3C
15 40 1.11 #2ECC71
16 17 1.21 #2ECC71
16 41 1.92 #E74C3C
17 18 1.37 #F1C40F
17 42 1.2 #2ECC71
18 19 1.61 #F1C40F
18 43 1.05 #2ECC71
19 20 1.67 #E74C3C
19 44 2.0 #E74C3C
20 21 1.44 #F1C40F
20 45 1.2 #2ECC71
21 22 1.6 #F1C40F
21 46 1.25 #2ECC71
22 23 1.08 #2ECC71
22 47 1.53 #F1C40F
23 24 1.17 #2ECC71
23 48 1.34 #F1C40F
24 49 1.17 #2ECC71
25 26 1.38 #F1C40F
25 50 1.24 #2ECC71
26 27 1.16 #2ECC71
26 51 1.92 #E74C3C
27 28 1.13 #2ECC71
27 52 1.61 #F1C40F
28 29 1.28 #2ECC71
28 53 1.3 #2ECC71
29 30 1.97 #E74C3C
29 54 1.38 #F1C40F
30 31 1.5 #F1C40F
30 55 1.73 #E74C3C
31 32 1.28 #2ECC71
31 56 1.69 #E74C3C
32 33 1.68 #E74C3C
32 57 1.77 #E74C3C
33 34 1.92 #E74C3C
33 58 1.63 #F1C40F
34 35 1.58 #F1C40F
34 59 1.61 #F1C40F
35 36 1.04 #2ECC71
35 60 1.95 #E74C3C
36 37 1.29 #2ECC71
36 61 1.38 #F1C40F
37 38 1.87 #E74C3C
37 62 1.96 #E74C3C
38 39 1.59 #F1C40F
38 63 1.44 #F1C40F
39 40 1.91 #E74C3C
39 64 1.56 #F1C40F
40 41 1.87 #E74C3C
40 65 1.06 #2ECC71
41 42 1.17 #2ECC71
41 66 1.18 #2ECC71
42 43 1.75 #E74C3C
42 67 1.2 #2ECC71
43 44 1.05 #2ECC71
43 68 1.94 #E74C3C
44 45 1.88 #E74C3C
44 69 1.44 #F1C40F
45 46 1.43 #F1C40F
45 70 1.98 #E74C3C
46 47 1.76 #E74C3C
46 71 1.43 #F1C40F
47 48 1.57 #F1C40F
47 72 1.92 #E74C3C
48 49 1.61 #F1C40F
48 73 1.75 #E74C3C
49 74 1.31 #2ECC71
50 51 1.11 #2ECC71
50 75 1.13 #2ECC71
51 52 1.87 #E74C3C
51 76 1.73 #E74C3C
52 53 1.3 #2ECC71
52 77 1.47 #F1C40F
53 54 1.53 #F1C40F
53 78 1.18 #2ECC71
54 55 1.39 #F1C40F
54 79 1.1 #2ECC71
55 56 1.74 #E74C3C
55 80 1.71 #E74C3C
56 57 1.81 #E74C3C
56 81 1.57 #F1C40F
57 58 1.04 #2ECC71
57 82 1.24 #2ECC71
58 59 1.96 #E74C3C
58 83 1.72 #E74C3C
59 60 1.09 #2ECC71
59 84 1.57 #F1C40F
60 61 1.39 #F1C40F
60 85 1.65 #F1C40F
61 62 1.2 #2ECC71
61 86 1.7 #E74C3C
62 63 1.99 #E74C3C
62 87 1.1 #2ECC71
63 64 1.95 #E74C3C
63 88 1.46 #F1C40F
64 65 1.94 #E74C3C
64 89 1.99 #E74C3C
65 66 1.71 #E74C3C
65 90 1.76 #E74C3C
66 67 1.79 #E74C3C
66 91 1.23 #2ECC71
67 68 1.32 #2ECC71
67 92 1.77 #E74C3C
68 69 1.62 #F1C40F
68 93 1.17 #2ECC71
69 70 1.04 #2ECC71
69 94 1.03 #2ECC71
70 71 1.55 #F1C40F
70 95 1.06 #2ECC71
71 72 1.05 #2ECC71
71 96 1.07 #2ECC71
72 73 1.5 #F1C40F
72 97 2.0 #E74C3C
73 74 1.03 #2ECC71
73 98 1.12 #2ECC71
74 99 1.24 #2ECC71
75 76 1.76 #E74C3C
75 100 1.41 #F1C40F
76 77 1.35 #F1C40F
76 101 1.2 #2ECC71
77 78 1.66 #F1C40F
77 102 1.95 #E74C3C
78 79 1.92 #E74C3C
78 103 1.09 #2ECC71
79 80 1.75 #E74C3C
79 104 1.8 #E74C3C
80 81 1.44 #F1C40F
80 105 1.13 #2ECC71
81 82 1.13 #2ECC71
81 106 1.45 #F1C40F
82 83 1.61 #F1C40F
82 107 1.12 #2ECC71
83 84 1.87 #E74C3C
83 108 1.66 #F1C40F
84 85 1.21 #2ECC71
84 109 1.73 #E74C3C
85 86 1.5 #F1C40F
85 110 2.0 #E74C3C
86 87 1.48 #F1C40F
86 111 1.36 #F1C40F
87 88 1.19 #2ECC71
87 112 1.03 #2ECC71
88 89 1.43 #F1C40F
88 113 1.47 #F1C40F
89 90 1.71 #E74C3C
89 114 1.47 #F1C40F
90 91 1.18 #2ECC71
90 115 1.6 #F1C40F
91 92 1.85 #E74C3C
91 116 1.49 #F1C40F
92 93 1.4 #F1C40F
92 117 1.33 #2ECC71
93 94 1.84 #E74C3C
93 118 1.22 #2ECC71
94 95 1.59 #F1C40F
94 119 1.85 #E74C3C
95 96 1.92 #E74C3C
95 120 1.63 #F1C40F
96 97 1.55 #F1C40F
96 121 1.71 #E74C3C
97 98 1.68 #E74C3C
97 122 1.79 #E74C3C
98 99 1.11 #2ECC71
98 123 1.31 #2ECC71
99 124 1.62 #F1C40F
100 101 1.69 #E74C3C
100 125 1.98 #E74C3C
101 102 1.03 #2ECC71
101 126 1.64 #F1C40F
102 103 1.02 #2ECC71
102 127 1.86 #E74C3C
103 104 1.38 #F1C40F
103 128 1.31 #2ECC71
104 105 1.38 #F1C40F
104 129 1.65 #F1C40F
105 106 1.11 #2ECC71
105 130 1.31 #2ECC71
106 107 1.05 #2ECC71
106 131 1.33 #2ECC71
107 108 1.21 #2ECC71
107 132 1.53 #F1C40F
108 109 1.78 #E74C3C
108 133 1.92 #E74C3C
109 110 1.41 #F1C40F
109 134 1.77 #E74C3C
110 111 1.51 #F1C40F
110 135 1.26 #2ECC71
111 112 1.03 #2ECC71
111 136 1.93 #E74C3C
112 113 1.27 #2ECC71
112 137 1.24 #2ECC71
113 114 1.13 #2ECC71
113 138 1.13 #2ECC71
114 115 1.81 #E74C3C
114 139 1.55 #F1C40F
115 116 1.89 #E74C3C
115 140 1.98 #E74C3C
116 117 1.64 #F1C40F
116 141 1.35 #F1C40F
117 118 1.08 #2ECC71
117 142 1.33 #2ECC71
118 119 1.91 #E74C3C
118 143 1.08 #2ECC71
119 120 1.4 #F1C40F
119 144 1.56 #F1C40F
120 121 1.13 #2ECC71
120 145 1.79 #E74C3C
121 122 1.37 #F1C40F
121 146 1.61 #F1C40F
122 123 1.71 #E74C3C
122 147 1.51 #F1C40F
123 124 1.06 #2ECC71
123 148 1.37 #F1C40F
124 149 1.34 #F1C40F
125 126 1.21 #2ECC71
125 150 1.22 #2ECC71
126 127 1.87 #E74C3C
126 151 1.83 #E74C3C
127 128 1.03 #2ECC71
127 152 1.04 #2ECC71
128 129 1.76 #E74C3C
128 153 1.38 #F1C40F
129 130 1.98 #E74C3C
129 154 1.6 #F1C40F
130 131 1.96 #E74C3C
130 155 1.98 #E74C3C
131 132 1.91 #E74C3C
131 156 1.91 #E74C3C
132 133 1.87 #E74C3C
132 157 1.61 #F1C40F
133 134 1.56 #F1C40F
133 158 1.82 #E74C3C
134 135 1.42 #F1C40F
134 159 1.93 #E74C3C
135 136 1.34 #F1C40F
135 160 1.91 #E74C3C
136 137 1.27 #2ECC71
136 161 1.99 #E74C3C
137 138 1.93 #E74C3C
137 162 1.32 #2ECC71
138 139 1.78 #E74C3C
138 163 1.26 #2ECC71
139 140 1.79 #E74C3C
139 164 1.71 #E74C3C
140 141 1.91 #E74C3C
140 165 1.93 #E74C3C
141 142 1.78 #E74C3C
141 166 1.18 #2ECC71
142 143 1.5 #F1C40F
142 167 1.29 #2ECC71
143 144 1.82 #E74C3C
143 168 1.11 #2ECC71
144 145 1.57 #F1C40F
144 169 1.53 #F1C40F
145 146 1.19 #2ECC71
145 170 1.29 #2ECC71
146 147 1.57 #F1C40F
146 171 1.22 #2ECC71
147 148 1.95 #E74C3C
147 172 1.62 #F1C40F
148 149 1.79 #E74C3C
148 173 1.92 #E74C3C
149 174 1.98 #E74C3C
150 151 1.79 #E74C3C
150 175 1.14 #2ECC71
151 152 1.65 #F1C40F
151 176 1.73 #E74C3C
152 153 1.86 #E74C3C
152 177 1.66 #F1C40F
153 154 1.52 #F1C40F
153 178 1.29 #2ECC71
154 155 1.39 #F1C40F
154 179 1.67 #E74C3C
155 156 1.08 #2ECC71
155 180 1.26 #2ECC71
156 157 1.48 #F1C40F
156 181 1.65 #F1C40F
157 158 1.71 #E74C3C
157 182 1.25 #2ECC71
158 159 1.88 #E74C3C
158 183 1.68 #E74C3C
159 160 1.53 #F1C40F
159 184 1.73 #E74C3C
160 161 1.03 #2ECC71
160 185 1.8 #E74C3C
161 162 1.38 #F1C40F
161 186 1.27 #2ECC71
162 163 1.68 #E74C3C
162 187 1.65 #F1C40F
163 164 1.11 #2ECC71
163 188 1.21 #2ECC71
164 165 1.52 #F1C40F
164 189 1.04 #2ECC71
165 166 1.09 #2ECC71
165 190 1.09 #2ECC71
166 167 1.42 #F1C40F
166 191 1.69 #E74C3C
167 168 1.6 #F1C40F
167 192 1.09 #2ECC71
168 169 1.56 #F1C40F
168 193 1.63 #F1C40F
169 170 1.75 #E74C3C
169 194 1.5 #F1C40F
170 171 1.01 #2ECC71
170 195 1.01 #2ECC71
171 172 1.96 #E74C3C
171 196 1.33 #2ECC71
172 173 1.58 #F1C40F
172 197 1.08 #2ECC71
173 174 1.18 #2ECC71
173 198 1.69 #E74C3C
174 199 1.54 #F1C40F
175 176 1.45 #F1C40F
175 200 1.52 #F1C40F
176 177 1.66 #F1C40F
176 201 1.69 #E74C3C
177 178 1.87 #E74C3C
177 202 1.68 #E74C3C
178 179 1.16 #2ECC71
178 203 1.37 #F1C40F
179 180 1.65 #F1C40F
179 204 1.73 #E74C3C
180 181 1.03 #2ECC71
180 205 1.08 #2ECC71
181 182 1.06 #2ECC71
181 206 1.42 #F1C40F
182 183 1.61 #F1C40F
182 207 1.79 #E74C3C
183 184 1.59 #F1C40F
183 208 1.74 #E74C3C
184 185 1.69 #E74C3C
184 209 1.21 #2ECC71
185 186 1.97 #E74C3C
185 210 1.8 #E74C3C
186 187 1.74 #E74C3C
186 211 1.17 #2ECC71
187 188 1.96 #E74C3C
187 212 1.13 #2ECC71
188 189 1.83 #E74C3C
188 213 1.69 #E74C3C
189 190 1.73 #E74C3C
189 214 1.41 #F1C40F
190 191 1.49 #F1C40F
190 215 1.3 #2ECC71
191 192 1.8 #E74C3C
191 216 1.9 #E74C3C
192 193 1.07 #2ECC71
192 217 1.07 #2ECC71
193 194 1.18 #2ECC71
193 218 1.89 #E74C3C
194 195 1.86 #E74C3C
194 219 1.11 #2ECC71
195 196 1.46 #F1C40F
195 220 1.29 #2ECC71
196 197 1.29 #2ECC71
196 221 1.47 #F1C40F
197 198 1.65 #F1C40F
197 222 1.41 #F1C40F
198 199 1.66 #F1C40F
198 223 1.11 #2ECC71
199 224 1.39 #F1C40F
200 201 1.46 #F1C40F
200 225 1.01 #2ECC71
201 202 1.22 #2ECC71
201 226 1.31 #2ECC71
202 203 1.82 #E74C3C
202 227 1.43 #F1C40F
203 204 1.94 #E74C3C
203 228 1.7 #E74C3C
204 205 1.85 #E74C3C
204 229 1.74 #E74C3C
205 206 1.7 #E74C3C
205 230 1.59 #F1C40F
206 207 1.63 #F1C40F
206 231 1.22 #2ECC71
207 208 1.27 #2ECC71
207 232 1.21 #2ECC71
208 209 1.21 #2ECC71
208 233 1.1 #2ECC71
209 210 1.89 #E74C3C
209 234 1.71 #E74C3C
210 211 1.49 #F1C40F
210 235 1.65 #F1C40F
211 212 1.62 #F1C40F
211 236 1.23 #2ECC71
212 213 1.94 #E74C3C
212 237 1.18 #2ECC71
213 214 1.46 #F1C40F
213 238 1.61 #F1C40F
214 215 1.46 #F1C40F
214 239 1.6 #F1C40F
215 216 1.45 #F1C40F
215 240 1.83 #E74C3C
216 217 1.48 #F1C40F
216 241 1.18 #2ECC71
217 218 1.63 #F1C40F
217 242 1.59 #F1C40F
218 219 1.54 #F1C40F
218 243 1.85 #E74C3C
219 220 1.31 #2ECC71
219 244 1.41 #F1C40F
220 221 1.85 #E74C3C
220 245 1.2 #2ECC71
221 222 1.16 #2ECC71
221 246 1.15 #2ECC71
222 223 1.61 #F1C40F
222 247 1.81 #E74C3C
223 224 1.75 #E74C3C
223 248 1.78 #E74C3C
224 249 1.45 #F1C40F
225 226 1.5 #F1C40F
225 250 1.87 #E74C3C
226 227 1.65 #F1C40F
226 251 1.92 #E74C3C
227 228 1.41 #F1C40F
227 252 1.05 #2ECC71
228 229 1.57 #F1C40F
228 253 1.94 #E74C3C
229 230 1.38 #F1C40F
229 254 1.59 #F1C40F
230 231 1.08 #2ECC71
230 255 1.44 #F1C40F
231 232 1.88 #E74C3C
231 256 1.35 #F1C40F
232 233 1.05 #2ECC71
232 257 1.32 #2ECC71
233 234 1.23 #2ECC71
233 258 1.01 #2ECC71
234 235 1.38 #F1C40F
234 259 1.96 #E74C3C
235 236 1.08 #2ECC71
235 260 1.77 #E74C3C
236 237 1.15 #2ECC71
236 261 1.88 #E74C3C
237 238 1.18 #2ECC71
237 262 1.7 #E74C3C
238 239 1.81 #E74C3C
238 263 1.22 #2ECC71
239 240 1.2 #2ECC71
239 264 1.4 #F1C40F
240 241 1.82 #E74C3C
240 265 1.08 #2ECC71
241 242 1.63 #F1C40F
241 266 1.41 #F1C40F
242 243 1.2 #2ECC71
242 267 1.51 #F1C40F
243 244 1.75 #E74C3C
243 268 1.82 #E74C3C
244 245 1.9 #E74C3C
244 269 1.12 #2ECC71
245 246 1.02 #2ECC71
245 270 1.22 #2ECC71
246 247 1.48 #F1C40F
246 271 1.55 #F1C40F
247 248 1.21 #2ECC71
247 272 1.72 #E74C3C
248 249 1.51 #F1C40F
248 273 1.55 #F1C40F
249 274 1.51 #F1C40F
250 251 1.87 #E74C3C
250 275 1.27 #2ECC71
251 252 1.79 #E74C3C
251 276 1.68 #E74C3C
252 253 1.48 #F1C40F
252 277 1.45 #F1C40F
253 254 1.56 #F1C40F
253 278 1.44 #F1C40F
254 255 1.13 #2ECC71
254 279 1.73 #E74C3C
255 256 1.9 #E74C3C
255 280 1.85 #E74C3C
256 257 1.61 #F1C40F
256 281 1.6 #F1C40F
257 258 1.71 #E74C3C
257 282 1.39 #F1C40F
258 259 1.09 #2ECC71
258 283 1.96 #E74C3C
259 260 1.55 #F1C40F
259 284 1.67 #E74C3C
260 261 1.38 #F1C40F
260 285 1.95 #E74C3C
261 262 1.94 #E74C3C
261 286 1.52 #F1C40F
262 263 1.97 #E74C3C
262 287 1.35 #F1C40F
263 264 1.31 #2ECC71
263 288 1.71 #E74C3C
264 265 1.32 #2ECC71
264 289 1.76 #E74C3C
265 266 1.57 #F1C40F
265 290 1.59 #F1C40F
266 267 1.37 #F1C40F
266 291 1.5 #F1C40F
267 268 1.18 #2ECC71
267 292 1.36 #F1C40F
268 269 1.62 #F1C40F
268 293 1.81 #E74C3C
269 270 1.5 #F1C40F
269 294 1.36 #F1C40F
270 271 1.51 #F1C40F
270 295 1.07 #2ECC71
271 272 1.47 #F1C40F
271 296 1.98 #E74C3C
272 273 1.49 #F1C40F
272 297 1.48 #F1C40F
273 274 1.79 #E74C3C
273 298 1.32 #2ECC71
274 299 1.61 #F1C40F
275 276 1.93 #E74C3C
275 300 1.14 #2ECC71
276 277 1.13 #2ECC71
276 301 1.86 #E74C3C
277 278 1.69 #E74C3C
277 302 1.59 #F1C40F
278 279 1.57 #F1C40F
278 303 1.64 #F1C40F
279 280 1.3 #2ECC71
279 304 1.6 #F1C40F
280 281 1.58 #F1C40F
280 305 1.78 #E74C3C
281 282 1.13 #2ECC71
281 306 1.94 #E74C3C
282 283 1.47 #F1C40F
282 307 2.0 #E74C3C
283 284 1.65 #F1C40F
283 308 1.4 #F1C40F
284 285 1.84 #E74C3C
284 309 1.78 #E74C3C
285 286 1.81 #E74C3C
285 310 1.27 #2ECC71
286 287 1.58 #F1C40F
286 311 1.05 #2ECC71
287 288 1.03 #2ECC71
287 312 1.95 #E74C3C
288 289 1.81 #E74C3C
288 313 1.36 #F1C40F
289 290 1.09 #2ECC71
289 314 1.71 #E74C3C
290 291 1.28 #2ECC71
290 315 1.23 #2ECC71
291 292 1.8 #E74C3C
291 316 1.83 #E74C3C
292 293 1.52 #F1C40F
292 317 1.78 #E74C3C
293 294 1.25 #2ECC71
293 318 1.44 #F1C40F
294 295 1.66 #F1C40F
294 319 1.63 #F1C40F
295 296 1.11 #2ECC71
295 320 1.11 #2ECC71
296 297 1.14 #2ECC71
296 321 1.01 #2ECC71
297 298 1.31 #2ECC71
297 322 1.38 #F1C40F
298 299 1.78 #E74C3C
298 323 1.25 #2ECC71
299 324 1.49 #F1C40F
300 301 1.04 #2ECC71
300 325 1.36 #F1C40F
301 302 1.76 #E74C3C
301 326 1.03 #2ECC71
302 303 1.37 #F1C40F
302 327 1.48 #F1C40F
303 304 1.89 #E74C3C
303 328 1.6 #F1C40F
304 305 1.46 #F1C40F
304 329 1.21 #2ECC71
305 306 1.61 #F1C40F
305 330 1.62 #F1C40F
306 307 1.14 #2ECC71
306 331 1.5 #F1C40F
307 308 1.94 #E74C3C
307 332 1.66 #F1C40F
308 309 1.33 #2ECC71
308 333 1.23 #2ECC71
309 310 1.08 #2ECC71
309 334 1.51 #F1C40F
310 311 1.15 #2ECC71
310 335 1.29 #2ECC71
311 312 1.45 #F1C40F
311 336 1.46 #F1C40F
312 313 1.68 #E74C3C
312 337 1.46 #F1C40F
313 314 1.61 #F1C40F
313 338 1.92 #E74C3C
314 315 1.82 #E74C3C
314 339 1.72 #E74C3C
315 316 1.86 #E74C3C
315 340 1.36 #F1C40F
316 317 1.23 #2ECC71
316 341 1.72 #E74C3C
317 318 1.71 #E74C3C
317 342 1.59 #F1C40F
318 319 1.94 #E74C3C
318 343 1.29 #2ECC71
319 320 1.15 #2ECC71
319 344 1.16 #2ECC71
320 321 1.24 #2ECC71
320 345 1.55 #F1C40F
321 322 1.98 #E74C3C
321 346 1.43 #F1C40F
322 323 1.64 #F1C40F
322 347 1.98 #E74C3C
323 324 1.92 #E74C3C
323 348 1.92 #E74C3C
324 349 1.85 #E74C3C
325 326 1.29 #2ECC71
325 350 1.83 #E74C3C
326 327 1.52 #F1C40F
326 351 1.44 #F1C40F
327 328 1.63 #F1C40F
327 352 1.31 #2ECC71
328 329 1.68 #E74C3C
328 353 1.42 #F1C40F
329 330 1.16 #2ECC71
329 354 1.06 #2ECC71
330 331 1.43 #F1C40F
330 355 1.58 #F1C40F
331 332 1.87 #E74C3C
331 356 1.43 #F1C40F
332 333 1.16 #2ECC71
332 357 1.7 #E74C3C
333 334 1.61 #F1C40F
333 358 1.1 #2ECC71
334 335 1.2 #2ECC71
334 359 1.28 #2ECC71
335 336 1.59 #F1C40F
335 360 1.64 #F1C40F
336 337 1.98 #E74C3C
336 361 1.61 #F1C40F
337 338 1.11 #2ECC71
337 362 1.95 #E74C3C
338 339 1.59 #F1C40F
338 363 1.93 #E74C3C
339 340 1.65 #F1C40F
339 364 1.48 #F1C40F
340 341 1.85 #E74C3C
340 365 1.6 #F1C40F
341 342 1.34 #F1C40F
341 366 1.17 #2ECC71
342 343 1.48 #F1C40F
342 367 1.51 #F1C40F
343 344 1.57 #F1C40F
343 368 1.39 #F1C40F
344 345 1.89 #E74C3C
344 369 1.55 #F1C40F
345 346 1.51 #F1C40F
345 370 1.58 #F1C40F
346 347 1.56 #F1C40F
346 371 1.12 #2ECC71
347 348 1.5 #F1C40F
347 372 1.27 #2ECC71
348 349 1.59 #F1C40F
348 373 1.05 #2ECC71
349 374 1.07 #2ECC71
350 351 1.07 #2ECC71
350 375 1.47 #F1C40F
351 352 1.68 #E74C3C
351 376 1.73 #E74C3C
352 353 1.64 #F1C40F
352 377 1.74 #E74C3C
353 354 1.88 #E74C3C
353 378 1.81 #E74C3C
354 355 1.36 #F1C40F
354 379 1.42 #F1C40F
355 356 1.86 #E74C3C
355 380 1.47 #F1C40F
356 357 1.16 #2ECC71
356 381 1.39 #F1C40F
357 358 1.71 #E74C3C
357 382 1.89 #E74C3C
358 359 1.02 #2ECC71
358 383 1.04 #2ECC71
359 360 1.81 #E74C3C
359 384 1.2 #2ECC71
360 361 1.0 #2ECC71
360 385 1.06 #2ECC71
361 362 1.28 #2ECC71
361 386 1.74 #E74C3C
362 363 1.7 #E74C3C
362 387 1.32 #2ECC71
363 364 1.72 #E74C3C
363 388 1.72 #E74C3C
364 365 1.41 #F1C40F
364 389 1.51 #F1C40F
365 366 1.29 #2ECC71
365 390 1.35 #F1C40F
366 367 1.33 #2ECC71
366 391 1.82 #E74C3C
367 368 1.08 #2ECC71
367 392 1.25 #2ECC71
368 369 1.36 #F1C40F
368 393 1.98 #E74C3C
369 370 1.33 #2ECC71
369 394 1.46 #F1C40F
370 371 1.53 #F1C40F
370 395 1.15 #2ECC71
371 372 1.53 #F1C40F
371 396 1.14 #2ECC71
372 373 1.73 #E74C3C
372 397 1.41 #F1C40F
373 374 1.52 #F1C40F
373 398 1.94 #E74C3C
374 399 1.74 #E74C3C
375 376 1.17 #2ECC71
375 400 1.67 #E74C3C
376 377 1.36 #F1C40F
376 401 1.9 #E74C3C
377 378 1.25 #2ECC71
377 402 1.54 #F1C40F
378 379 1.48 #F1C40F
378 403 1.29 #2ECC71
379 380 1.23 #2ECC71
379 404 1.27 #2ECC71
380 381 1.5 #F1C40F
380 405 1.52 #F1C40F
381 382 1.5 #F1C40F
381 406 1.49 #F1C40F
382 383 1.06 #2ECC71
382 407 1.77 #E74C3C
383 384 1.82 #E74C3C
383 408 1.26 #2ECC71
384 385 1.94 #E74C3C
384 409 1.72 #E74C3C
385 386 2.0 #E74C3C
385 410 1.16 #2ECC71
386 387 1.69 #E74C3C
386 411 1.32 #2ECC71
387 388 1.04 #2ECC71
387 412 1.46 #F1C40F
388 389 1.65 #F1C40F
388 413 1.58 #F1C40F
389 390 1.69 #E74C3C
389 414 1.19 #2ECC71
390 391 1.43 #F1C40F
390 415 1.78 #E74C3C
391 392 1.98 #E74C3C
391 416 1.33 #2ECC71
392 393 1.29 #2ECC71
392 417 1.55 #F1C40F
393 394 1.58 #F1C40F
393 418 1.73 #E74C3C
394 395 1.72 #E74C3C
394 419 1.45 #F1C40F
395 396 1.43 #F1C40F
395 420 1.96 #E74C3C
396 397 1.74 #E74C3C
396 421 1.2 #2ECC71
397 398 1.18 #2ECC71
397 422 1.24 #2ECC71
398 399 1.51 #F1C40F
398 423 1.16 #2ECC71
399 424 1.11 #2ECC71
400 401 1.98 #E74C3C
400 425 1.14 #2ECC71
401 402 1.26 #2ECC71
401 426 1.17 #2ECC71
402 403 1.83 #E74C3C
402 427 1.47 #F1C40F
403 404 1.23 #2ECC71
403 428 1.94 #E74C3C
404 405 1.3 #2ECC71
404 429 1.95 #E74C3C
405 406 1.17 #2ECC71
405 430 1.7 #E74C3C
406 407 1.06 #2ECC71
406 431 2.0 #E74C3C
407 408 1.25 #2ECC71
407 432 1.91 #E74C3C
408 409 1.98 #E74C3C
408 433 1.66 #F1C40F
409 410 1.2 #2ECC71
409 434 1.73 #E74C3C
410 411 1.49 #F1C40F
410 435 1.51 #F1C40F
411 412 1.88 #E74C3C
411 436 1.71 #E74C3C
412 413 1.93 #E74C3C
412 437 1.48 #F1C40F
413 414 1.71 #E74C3C
413 438 1.84 #E74C3C
414 415 1.5 #F1C40F
414 439 1.26 #2ECC71
415 416 1.21 #2ECC71
415 440 1.4 #F1C40F
416 417 1.84 #E74C3C
416 441 1.06 #2ECC71
417 418 1.14 #2ECC71
417 442 1.09 #2ECC71
418 419 1.05 #2ECC71
418 443 1.46 #F1C40F
419 420 1.2 #2ECC71
419 444 1.62 #F1C40F
420 421 1.17 #2ECC71
420 445 1.5 #F1C40F
421 422 1.46 #F1C40F
421 446 1.2 #2ECC71
422 423 1.52 #F1C40F
422 447 1.53 #F1C40F
423 424 1.87 #E74C3C
423 448 1.54 #F1C40F
424 449 1.94 #E74C3C
425 426 1.16 #2ECC71
425 450 1.23 #2ECC71
426 427 1.54 #F1C40F
426 451 1.59 #F1C40F
427 428 1.69 #E74C3C
427 452 1.11 #2ECC71
428 429 1.99 #E74C3C
428 453 1.02 #2ECC71
429 430 1.49 #F1C40F
429 454 1.88 #E74C3C
430 431 1.85 #E74C3C
430 455 1.69 #E74C3C
431 432 1.32 #2ECC71
431 456 1.47 #F1C40F
432 433 1.25 #2ECC71
432 457 1.97 #E74C3C
433 434 1.86 #E74C3C
433 458 1.78 #E74C3C
434 435 1.94 #E74C3C
434 459 1.54 #F1C40F
435 436 1.79 #E74C3C
435 460 1.5 #F1C40F
436 437 1.47 #F1C40F
436 461 1.75 #E74C3C
437 438 1.21 #2ECC71
437 462 1.99 #E74C3C
438 439 1.4 #F1C40F
438 463 1.03 #2ECC71
439 440 1.8 #E74C3C
439 464 1.68 #E74C3C
440 441 1.43 #F1C40F
440 465 1.5 #F1C40F
441 442 1.12 #2ECC71
441 466 1.42 #F1C40F
442 443 1.42 #F1C40F
442 467 1.72 #E74C3C
443 444 1.55 #F1C40F
443 468 1.53 #F1C40F
444 445 1.43 #F1C40F
444 469 1.37 #F1C40F
445 446 1.22 #2ECC71
445 470 1.62 #F1C40F
446 447 1.48 #F1C40F
446 471 1.22 #2ECC71
447 448 1.15 #2ECC71
447 472 1.18 #2ECC71
448 449 1.6 #F1C40F
448 473 1.55 #F1C40F
449 474 1.08 #2ECC71
450 451 1.55 #F1C40F
450 475 1.2 #2ECC71
451 452 1.07 #2ECC71
451 476 1.95 #E74C3C
452 453 1.67 #E74C3C
452 477 1.87 #E74C3C
453 454 1.73 #E74C3C
453 478 1.28 #2ECC71
454 455 1.45 #F1C40F
454 479 1.57 #F1C40F
455 456 1.71 #E74C3C
455 480 1.0 #2ECC71
456 457 1.61 #F1C40F
456 481 1.98 #E74C3C
457 458 1.95 #E74C3C
457 482 1.28 #2ECC71
458 459 1.25 #2ECC71
458 483 1.48 #F1C40F
459 460 1.79 #E74C3C
459 484 1.83 #E74C3C
460 461 1.95 #E74C3C
460 485 1.18 #2ECC71
461 462 1.22 #2ECC71
461 486 1.79 #E74C3C
462 463 1.23 #2ECC71
462 487 1.13 #2ECC71
463 464 1.1 #2ECC71
463 488 1.03 #2ECC71
464 465 1.05 #2ECC71
464 489 1.05 #2ECC71
465 466 1.04 #2ECC71
465 490 1.07 #2ECC71
466 467 1.11 #2ECC71
466 491 1.11 #2ECC71
467 468 1.84 #E74C3C
467 492 1.08 #2ECC71
468 469 1.62 #F1C40F
468 493 1.14 #2ECC71
469 470 1.67 #E74C3C
469 494 1.82 #E74C3C
470 471 1.01 #2ECC71
470 495 1.62 #F1C40F
471 472 1.77 #E74C3C
471 496 1.11 #2ECC71
472 473 1.58 #F1C40F
472 497 1.36 #F1C40F
473 474 1.81 #E74C3C
473 498 1.95 #E74C3C
474 499 1.46 #F1C40F
475 476 1.89 #E74C3C
475 500 1.41 #F1C40F
476 477 1.42 #F1C40F
476 501 1.33 #2ECC71
477 478 1.26 #2ECC71
477 502 1.41 #F1C40F
478 479 1.9 #E74C3C
478 503 1.15 #2ECC71
479 480 1.67 #E74C3C
479 504 1.45 #F1C40F
480 481 1.97 #E74C3C
480 505 1.79 #E74C3C
481 482 1.58 #F1C40F
481 506 1.99 #E74C3C
482 483 1.38 #F1C40F
482 507 1.18 #2ECC71
483 484 1.02 #2ECC71
483 508 1.57 #F1C40F
484 485 1.89 #E74C3C
484 509 1.47 #F1C40F
485 486 1.96 #E74C3C
485 510 1.25 #2ECC71
486 487 1.82 #E74C3C
486 511 1.74 #E74C3C
487 488 1.55 #F1C40F
487 512 1.9 #E74C3C
488 489 1.08 #2ECC71
488 513 1.38 #F1C40F
489 490 1.82 #E74C3C
489 514 1.4 #F1C40F
490 491 1.7 #E74C3C
490 515 1.6 #F1C40F
491 492 1.94 #E74C3C
491 516 1.38 #F1C40F
492 493 1.11 #2ECC71
492 517 1.29 #2ECC71
493 494 1.83 #E74C3C
493 518 1.95 #E74C3C
494 495 1.25 #2ECC71
494 519 1.48 #F1C40F
495 496 1.9 #E74C3C
495 520 1.07 #2ECC71
496 497 1.74 #E74C3C
496 521 1.46 #F1C40F
497 498 1.06 #2ECC71
497 522 1.62 #F1C40F
498 499 1.35 #F1C40F
498 523 1.42 #F1C40F
499 524 1.01 #2ECC71
500 501 1.37 #F1C40F
500 525 1.61 #F1C40F
501 502 1.56 #F1C40F
501 526 1.82 #E74C3C
502 503 1.21 #2ECC71
502 527 1.44 #F1C40F
503 504 1.52 #F1C40F
503 528 1.15 #2ECC71
504 505 1.83 #E74C3C
504 529 1.04 #2ECC71
505 506 1.77 #E74C3C
505 530 1.42 #F1C40F
506 507 1.34 #F1C40F
506 531 1.09 #2ECC71
507 508 1.45 #F1C40F
507 532 2.0 #E74C3C
508 509 1.54 #F1C40F
508 533 1.37 #F1C40F
509 510 1.15 #2ECC71
509 534 1.3 #2ECC71
510 511 1.96 #E74C3C
510 535 1.12 #2ECC71
511 512 1.59 #F1C40F
511 536 1.26 #2ECC71
512 513 1.57 #F1C40F
512 537 1.38 #F1C40F
513 514 1.65 #F1C40F
513 538 1.73 #E74C3C
514 515 1.25 #2ECC71
514 539 1.15 #2ECC71
515 516 1.11 #2ECC71
515 540 1.25 #2ECC71
516 517 1.78 #E74C3C
516 541 1.16 #2ECC71
517 518 1.69 #E74C3C
517 542 1.81 #E74C3C
518 519 1.66 #F1C40F
518 543 1.94 #E74C3C
519 520 1.96 #E74C3C
519 544 1.61 #F1C40F
520 521 1.32 #2ECC71
520 545 1.68 #E74C3C
521 522 1.51 #F1C40F
521 546 1.98 #E74C3C
522 523 1.87 #E74C3C
522 547 1.92 #E74C3C
523 524 1.56 #F1C40F
523 548 1.38 #F1C40F
524 549 2.0 #E74C3C
525 526 1.4 #F1C40F
525 550 1.14 #2ECC71
526 527 1.45 #F1C40F
526 551 1.97 #E74C3C
527 528 1.64 #F1C40F
527 552 1.76 #E74C3C
528 529 1.83 #E74C3C
528 553 1.32 #2ECC71
529 530 1.53 #F1C40F
529 554 1.51 #F1C40F
530 531 1.61 #F1C40F
530 555 1.17 #2ECC71
531 532 1.31 #2ECC71
531 556 1.04 #2ECC71
532 533 1.85 #E74C3C
532 557 1.37 #F1C40F
533 534 1.4 #F1C40F
533 558 1.53 #F1C40F
534 535 1.98 #E74C3C
534 559 1.87 #E74C3C
535 536 1.49 #F1C40F
535 560 1.72 #E74C3C
536 537 1.86 #E74C3C
536 561 1.77 #E74C3C
537 538 1.84 #E74C3C
537 562 1.72 #E74C3C
538 539 1.22 #2ECC71
538 563 1.38 #F1C40F
539 540 1.45 #F1C40F
539 564 1.76 #E74C3C
540 541 1.18 #2ECC71
540 565 1.15 #2ECC71
541 542 1.23 #2ECC71
541 566 1.5 #F1C40F
542 543 1.53 #F1C40F
542 567 1.96 #E74C3C
543 544 1.78 #E74C3C
543 568 1.41 #F1C40F
544 545 1.53 #F1C40F
544 569 1.53 #F1C40F
545 546 1.19 #2ECC71
545 570 1.01 #2ECC71
546 547 1.36 #F1C40F
546 571 1.0 #2ECC71
547 548 1.97 #E74C3C
547 572 1.15 #2ECC71
548 549 1.31 #2ECC71
548 573 1.92 #E74C3C
549 574 1.02 #2ECC71
550 551 1.32 #2ECC71
550 575 1.5 #F1C40F
551 552 1.88 #E74C3C
551 576 1.11 #2ECC71
552 553 1.58 #F1C40F
552 577 1.49 #F1C40F
553 554 1.14 #2ECC71
553 578 1.92 #E74C3C
554 555 1.35 #F1C40F
554 579 1.74 #E74C3C
555 556 1.72 #E74C3C
555 580 1.15 #2ECC71
556 557 1.45 #F1C40F
556 581 1.41 #F1C40F
557 558 1.6 #F1C40F
557 582 1.41 #F1C40F
558 559 1.75 #E74C3C
558 583 1.41 #F1C40F
559 560 1.03 #2ECC71
559 584 1.07 #2ECC71
560 561 1.78 #E74C3C
560 585 1.74 #E74C3C
561 562 1.12 #2ECC71
561 586 1.36 #F1C40F
562 563 1.19 #2ECC71
562 587 1.35 #F1C40F
563 564 1.56 #F1C40F
563 588 1.49 #F1C40F
564 565 1.71 #E74C3C
564 589 1.81 #E74C3C
565 566 1.16 #2ECC71
565 590 1.04 #2ECC71
566 567 1.81 #E74C3C
566 591 1.07 #2ECC71
567 568 1.38 #F1C40F
567 592 1.97 #E74C3C
568 569 1.36 #F1C40F
568 593 1.13 #2ECC71
569 570 1.06 #2ECC71
569 594 1.93 #E74C3C
570 571 1.02 #2ECC71
570 595 1.9 #E74C3C
571 572 1.05 #2ECC71
571 596 1.95 #E74C3C
572 573 1.12 #2ECC71
572 597 1.89 #E74C3C
573 574 1.54 #F1C40F
573 598 1.42 #F1C40F
574 599 1.37 #F1C40F
575 576 1.87 #E74C3C
575 600 1.5 #F1C40F
576 577 1.55 #F1C40F
576 601 1.84 #E74C3C
577 578 1.78 #E74C3C
577 602 1.22 #2ECC71
578 579 1.83 #E74C3C
578 603 1.98 #E74C3C
579 580 1.2 #2ECC71
579 604 1.2 #2ECC71
580 581 1.05 #2ECC71
580 605 1.02 #2ECC71
581 582 1.91 #E74C3C
581 606 1.78 #E74C3C
582 583 1.98 #E74C3C
582 607 1.66 #F1C40F
583 584 1.79 #E74C3C
583 608 1.85 #E74C3C
584 585 2.0 #E74C3C
584 609 1.94 #E74C3C
585 586 1.01 #2ECC71
585 610 1.95 #E74C3C
586 587 1.26 #2ECC71
586 611 1.35 #F1C40F
587 588 1.05 #2ECC71
587 612 1.2 #2ECC71
588 589 1.55 #F1C40F
588 613 1.2 #2ECC71
589 590 1.37 #F1C40F
589 614 1.75 #E74C3C
590 591 1.78 #E74C3C
590 615 1.78 #E74C3C
591 592 1.03 #2ECC71
591 616 1.52 #F1C40F
592 593 1.46 #F1C40F
592 617 1.94 #E74C3C
593 594 1.76 #E74C3C
593 618 1.85 #E74C3C
594 595 1.14 #2ECC71
594 619 1.79 #E74C3C
595 596 1.99 #E74C3C
595 620 1.28 #2ECC71
596 597 1.01 #2ECC71
596 621 1.54 #F1C40F
597 598 1.34 #F1C40F
597 622 1.51 #F1C40F
598 599 1.86 #E74C3C
598 623 1.25 #2ECC71
599 624 1.03 #2ECC71
600 601 1.77 #E74C3C
601 602 1.16 #2ECC71
602 603 1.96 #E74C3C
603 604 1.51 #F1C40F
604 605 1.16 #2ECC71
605 606 1.34 #F1C40F
606 607 1.14 #2ECC71
607 608 1.29 #2ECC71
608 609 1.04 #2ECC71
609 610 1.17 #2ECC71
610 611 1.97 #E74C3C
611 612 1.88 #E74C3C
612 613 1.79 #E74C3C
613 614 1.95 #E74C3C
614 615 1.54 #F1C40F
615 616 1.2 #2ECC71
616 617 1.52 #F1C40F
617 618 1.92 #E74C3C
618 619 1.46 #F1C40F
619 620 1.47 #F1C40F
620 621 1.74 #E74C3C
621 622 1.33 #2ECC71
622 623 1.87 #E74C3C
623 624 1.23 #2ECC71
